	X071017.C1D2	X071017.C2D1	X071017.C2D3	X071817.C1D2	X071817.C2D1	X072617.C1D1	X072617.C1D2	X072617.C1D3	X072617.C2D1	X072617.C2D2	X080317.C1D1	X080317.C1D2	X080317.C1D3	X080317.C2D1	X081817.C1D1	X081817.C1D2	X081817.C1D3	X081817.C2D1	X082417.C1D1	X082417.C1D2	X082417.C1D3	X082417.C2D1	X083017.C1D1	X083017.C1D2	X083017.C1D3	X083017.C2D1
Eukaryota; Alveolata; Ciliophora; Armophorea; Armophorea_X; Caenomorphidae; Caenomorpha; Caenomorpha_sp.	0	0	0	0	0.005267026	0	0	0	0	0	0	0	0	0	0	0	0.203061503	0	0	0.006361303	0.251935843	0.019882941	0.007495633	0	0.149457741	0.002294006
Eukaryota; Alveolata; Ciliophora; Karyorelictea; Karyorelictea_X; Geleiidae; Geleia; Geleia_sp.	0	0	0	0	0	0	0	0.026332591	0	0	0	0.026738063	0.014480325	0	0	0.034384403	0.104923414	0.003229101	0.013708666	0.033054298	0.084918959	0.042732356	0.005300213	0.004059009	0.129956517	0.003244215
Eukaryota; Alveolata; Ciliophora; Litostomatea; Haptoria_5; Pleurostomatida; Pleurostomatida_X; Pleurostomatida_X_sp.	0	0	0.013134658	0	0	0	0	0.00427171	0	0	0	0	0	0	0	0.084224243	0.049819237	0.003229101	0	0.022936003	0	0.084467681	0	0.018600714	0.104863597	0
Eukaryota; Alveolata; Ciliophora; Litostomatea; Litostomatea_X; Litostomatea_XX; Litostomatea_XXX; Litostomatea_XXX_sp.	0	0	0.12410183	0.008295399	0.353165757	0	0.003525961	0.197932823	0.006928472	0.003372629	0.006769595	0.045663937	0.00496671	0	0	0.005985556	0	0	0	0	0	0	0	0	0	0
Eukaryota; Alveolata; Ciliophora; Phyllopharyngea; Cyrtophoria_4; Chilodonellidae; Chilodonellidae_X; Chilodonellidae_X_sp.	0	0	0	0	0	0	0	0	0	0	0	0	0.012165906	0	0	0.008464855	0.054630013	0	0.073055746	0.036542901	0.066518476	0.058614141	0.024860201	0.067677197	0.168544651	0.008884649
Eukaryota; Alveolata; Ciliophora; Spirotrichea; Strombidiida; Strombidiidae_R; Strombidium_R; Strombidium_R_sp.	0.045363486	0.052338409	0.035861576	0.095017636	0	0.040624286	0.058258432	0.009551835	0.033330819	0.021857131	0.027078379	0.007718614	0.024331813	0.041769261	0.306326083	0.145018555	0.074243348	0.307053386	0.013708666	0.014224305	0.017696965	0.005313939	0.135682685	0.060613923	0.033662128	0.114860789
Eukaryota; Alveolata; Ciliophora; Spirotrichea; Strombidiida; Strombidiidae; Strombidium; Strombidium_sp.	0.040350783	0.050863791	0.009700588	0.024042352	0.005267026	0.050889613	0.080249502	0.012082221	0.100778062	0.088912109	0.027911754	0.070319921	0.027653473	0.077574811	0.049438379	0	0	0	0	0	0.016764883	0.005313939	0.06759936	0.037859911	0.054999893	0.120953107
Eukaryota; Alveolata; Ciliophora; Spirotrichea; Tintinnida; Tintinnida_X; Tintinnida_XX; Tintinnida_XX_sp.	0.023776927	0.020457408	0	0	0	0.053799902	0.051338763	0.041415768	0.023857642	0.052139572	0.011725282	0.033199014	0.040196616	0.047968147	0	0	0.005518465	0	0.011304456	0.039213703	0.005667565	0.014713632	0.208197861	0.159235272	0.206245118	0.214019858
Eukaryota; Alveolata; Dinoflagellata; Dinophyceae; Gonyaulacales; Gonyaulacaceae; Gonyaulax; Gonyaulax_spinifera	0	0.110511325	0.003960249	0.010492943	0.005267026	0	0	0	0	0	0.022452206	0.073428324	0.053608271	0.026607941	0.051510558	0.087969353	0	0.04679412	0.033579238	0.063613026	0.033168572	0.003068004	0	0	0	0.041419364
Eukaryota; Alveolata; Dinoflagellata; Dinophyceae; Gymnodiniales; Gymnodiniaceae; Gyrodinium; Gyrodinium_dominans	0.629635295	0.581377936	0.333461391	0.101529726	0.179156313	0.14054612	0.170453853	0.176799274	0.16297171	0.144354805	0.05110932	0.272511898	0.206223176	0.121100586	0.389772811	0.541188304	0.230919887	0.273350606	0.668184646	0.491428636	0.452412268	0.653405698	0.221237592	0.310162438	0.379469788	0.25584086
Eukaryota; Alveolata; Dinoflagellata; Dinophyceae; Gymnodiniales; Kareniaceae; Karlodinium; Karlodinium_veneficum	0.004755385	0	0	0.043263511	0.028848688	0.050388225	0.063271103	0.048517303	0.05634806	0.051259516	0.077481554	0.047892741	0.019866842	0.068394017	0.040092594	0.053536443	0.019897107	0.034173594	0.020333238	0.022936003	0.010217348	0.006136009	0.025784686	0.030912488	0.022635721	0.049520793
Eukaryota; Alveolata; Dinoflagellata; Dinophyceae; Peridiniales; Heterocapsaceae; Heterocapsa; Heterocapsa_cf._niei	0.201473507	0.214115346	0.157366942	0.536398774	0.403469295	0.625930476	0.600739272	0.409906166	0.678914548	0.69044222	0.533339253	0.372017982	0.559874072	0.414776745	0.297981924	0.425395808	0.249615229	0.217071501	0.217635604	0.217868809	0.190180368	0.211981117	0.257301537	0.278626619	0.274120208	0.384045726
Eukaryota; Alveolata; Dinoflagellata; Dinophyceae; Peridiniales; Kryptoperidiniaceae; Durinskia; Durinskia_sp.	0.037443942	0.042286642	0.033133816	0.039435879	0.057456467	0.071259711	0.056744967	0.097222476	0.03839792	0.095033946	0.100637262	0.153307299	0.321246739	0.072521022	0.025486708	0.077118499	0.109538395	0.015486225	0.103860678	0.089737216	0.082909324	0.13809428	0.042069134	0.106621432	0.097713494	0.114860789
Eukaryota; Alveolata; Dinoflagellata; Dinophyceae; Peridiniales; Thoracosphaeraceae; Thoracosphaeraceae_X; Thoracosphaeraceae_X_sp.	0.087037844	0.088314335	0.048502941	0.191693741	0.09524437	0.162731346	0.151493261	0.066589374	0.168577011	0.124284908	0.173650334	0.115392635	0.09883629	0.167756682	0.132557461	0.165876603	0.120903502	0.121553247	0.087176772	0.137321649	0.084206738	0.041616436	0.128341051	0.07636979	0.132099731	0.165264018
Eukaryota; Alveolata; Dinoflagellata; Dinophyceae; Suessiales; Suessiales_X; Suessiales_XX; Suessiales_XX_sp.	0.148029274	0.122122955	0.07920497	0.182913088	0.248445105	0.151500225	0.155941566	0.073369034	0.188638489	0.144118222	0.030274548	0.036203509	0.039888591	0.055767966	0.067594566	0.056149495	0.025288782	0.064501243	0.036165946	0.076070115	0.045251876	0.018661942	0.099722907	0.066942884	0.088283775	0.097082829
Eukaryota; Alveolata; Dinoflagellata; Oxyrrhea; Oxyrrhinales; Oxyrrhinaceae; Oxyrrhis; Oxyrrhis_marina	0.021791914	0.053772604	0.584965036	0.011731466	0.223088229	0	0	0.063933106	0.007406849	0	0.006769595	0.057760819	0.082213686	0	0	0	0	0	0	0	0	0	0.003060079	0	0	0
Eukaryota; Alveolata; Dinoflagellata; Syndiniales; Dino-Group-I; Dino-Group-I-Clade-4; Dino-Group-I-Clade-4_X; Dino-Group-I-Clade-4_X_sp.	0.042798469	0	0.028003186	0.034202808	0.095098625	0.021963718	0.003525961	0.016544263	0	0.021062058	0	0	0.012165906	0.011243907	0.003318087	0	0.003902144	0.003229101	0.014764686	0	0.016030294	0.004338813	0.078971391	0.069479034	0.062623046	0.096320956
Eukaryota; Alveolata; Dinoflagellata; Syndiniales; Dino-Group-I; Dino-Group-I-Clade-4; Euduboscquella; Euduboscquella_crenulata	0	0	0	0.018916421	0	0.023090786	0.028207686	0.015983277	0.008281108	0.016174558	0.041730585	0.039733998	0.0400429	0.034104459	0.12512311	0.126690348	0.101530751	0.102419023	0.002741733	0	0	0.005313939	0.010600425	0.005740305	0.015054162	0.020389575
Eukaryota; Alveolata; Dinoflagellata; Syndiniales; Dino-Group-II; Dino-Group-II_X; Dino-Group-II_XX; Dino-Group-II_XX_sp.	0.017793023	0.019505373	0.014817893	0.070972948	0.037243496	0.043927436	0.047828458	0.020486403	0.051649162	0.046610654	0.023450564	0.025599747	0.014480325	0.030586734	0.100970202	0.065294711	0.026465627	0.084760059	0.046123093	0.034256663	0.020434695	0.021033178	0.036975078	0.02296122	0.027544698	0.031370066
Eukaryota; Alveolata; Dinoflagellata; Syndiniales; Dino-Group-II; Dino-Group-II-Clade-10-and-11; Dino-Group-II-Clade-10-and-11_X; Dino-Group-II-Clade-10-and-11_X_sp.	0.074736748	0.094152581	0.024412611	0.003709815	0	0	0	0	0	0.014308851	0	0	0	0	0	0	0	0.005592967	0.024058612	0.012722605	0.004007573	0.003068004	0.027540713	0	0	0
Eukaryota; Alveolata; Dinoflagellata; Syndiniales; Dino-Group-II; Dino-Group-II-Clade-16; Dino-Group-II-Clade-16_X; Dino-Group-II-Clade-16_X_sp.	0.020728244	0.022239548	0.006859352	0.062848259	0.047694946	0.052847616	0.033819827	0.015983277	0.042387629	0.026341071	0.009573653	0	0.003511995	0.005028428	0	0	0	0.003229101	0	0	0	0	0.007495633	0.005740305	0.012556039	0.009999342
Eukaryota; Alveolata; Dinoflagellata; Syndiniales; Dino-Group-II; Dino-Group-II-Clade-2; Dino-Group-II-Clade-2_X; Dino-Group-II-Clade-2_X_sp.	0.024247803	0.085912258	0.018992685	0.049216263	0.022958433	0.08077847	0.089409353	0.035225426	0.089879598	0.084853618	0.040049463	0.024408401	0.031215291	0.041769261	0.264678519	0.065294711	0.028674783	0.079752913	0.057117616	0.026988721	0.029175575	0.017081925	0.043059132	0.019885	0.01985284	0.038179876
Eukaryota; Alveolata; Dinoflagellata; Syndiniales; Dino-Group-II; Dino-Group-II-Clade-3; Dino-Group-II-Clade-3_X; Dino-Group-II-Clade-3_X_sp.	0.05187513	0.162375645	0.041535437	0.021631755	0.034538197	0.014251942	0.018987879	0.007398819	0.037218954	0.012160185	0.011725282	0.007718614	0.007023989	0	0	0	0.003902144	0	0	0	0.002833782	0	0.007495633	0	0	0
Eukaryota; Alveolata; Dinoflagellata; Syndiniales; Dino-Group-II; Dino-Group-II-Clade-30; Dino-Group-II-Clade-30_X; Dino-Group-II-Clade-30_X_sp.	0	0	0.003960249	0	0	0	0	0	0	0	0.009573653	0	0	0.005028428	0	0	0.005518465	0.005592967	0.118973535	0.044981202	0.047248594	0.040817143	0.234869804	0.192877662	0.108919565	0.247359427
Eukaryota; Alveolata; Dinoflagellata; Syndiniales; Dino-Group-II; Dino-Group-II-Clade-33; Dino-Group-II-Clade-33_X; Dino-Group-II-Clade-33_X_sp.	0.031183147	0.098690251	0.009700588	0.02316779	0	0.039675728	0.04332773	0.031390532	0.040653412	0.043973696	0.022452206	0.010915769	0	0.025640053	0.056699491	0.034901491	0.007804288	0.047016421	0.052380741	0.029151151	0.018365009	0.015941818	0.261614406	0.182474894	0.247424858	0.252340706
Eukaryota; Alveolata; Dinoflagellata; Syndiniales; Dino-Group-II; Dino-Group-II-Clade-4; Dino-Group-II-Clade-4_X; Dino-Group-II-Clade-4_X_sp.	0.014266156	0.018504422	0	0.029445747	0.005267026	0.022534299	0.023652863	0.012815131	0.029395019	0.026124268	0.023450564	0.025599747	0.01720519	0.038950037	0.112619598	0.063908253	0.021726217	0.074689324	0.029145025	0.031806513	0.022846684	0.010627879	0.066763047	0.03829261	0.045596749	0.060171224
Eukaryota; Alveolata; Dinoflagellata; Syndiniales; Dino-Group-II; Dino-Group-II-Clade-5; Dino-Group-II-Clade-5_X; Dino-Group-II-Clade-5_X_sp.	0	0	0	0	0	0	0	0	0.005237433	0	0.006769595	0.005457884	0	0.007111271	0	0	0.003902144	0.004566639	0.003877396	0.00899624	0.006941321	0.005313939	0.236558179	0.210873209	0.140941184	0.239281475
																										
Temperature																										
Salinity																										
Dissolved Oxygen																										