cast	year	month	day	depth	sal	season
1	2018	3	19	0	0.4	spring
1	2018	3	19	0.3	0.4	spring
1	2018	3	19	0.61	0.4	spring
1	2018	3	19	0.91	2.9	spring
1	2018	3	19	1.22	3.4	spring
1	2018	3	19	1.52	3.7	spring
1	2018	3	19	1.83	4.2	spring
1	2018	3	19	2.13	5.5	spring
1	2018	3	19	2.44	5.1	spring
1	2018	3	19	2.74	17.7	spring
1	2018	3	19	3.05	18.6	spring
1	2018	3	19	3.35	19.1	spring
1	2018	3	19	3.66	19.6	spring
1	2018	3	19	3.96	20.4	spring
1	2018	3	19	4.27	21.4	spring
1	2018	3	19	4.57	22.3	spring
1	2018	3	19	4.88	22.9	spring
2	2018	3	29	0	16.2	spring
2	2018	3	29	0.3	16.4	spring
2	2018	3	29	0.61	16.6	spring
2	2018	3	29	0.91	16.6	spring
2	2018	3	29	1.22	16.6	spring
2	2018	3	29	1.52	16.7	spring
2	2018	3	29	1.83	19.9	spring
2	2018	3	29	2.13	23.2	spring
2	2018	3	29	2.44	24.2	spring
2	2018	3	29	2.74	24.7	spring
2	2018	3	29	3.05	25.1	spring
2	2018	3	29	3.35	25.7	spring
2	2018	3	29	3.66	26.3	spring
2	2018	3	29	3.96	26.6	spring
2	2018	3	29	4.27	27.1	spring
2	2018	3	29	4.57	27.1	spring
2	2018	3	29	4.88	27.3	spring
3	2018	4	4	0	16.4	spring
3	2018	4	4	0.3	16.5	spring
3	2018	4	4	0.61	16.5	spring
3	2018	4	4	0.91	16.6	spring
3	2018	4	4	1.22	16.6	spring
3	2018	4	4	1.52	16.6	spring
3	2018	4	4	1.83	16.6	spring
3	2018	4	4	2.13	16.6	spring
3	2018	4	4	2.44	21	spring
3	2018	4	4	2.74	24.1	spring
3	2018	4	4	3.05	25.2	spring
3	2018	4	4	3.35	25.8	spring
3	2018	4	4	3.66	25.9	spring
3	2018	4	4	3.96	26.2	spring
3	2018	4	4	4.27	26.7	spring
3	2018	4	4	4.57	27	spring
3	2018	4	4	4.88	27.2	spring
3	2018	4	4	5.18	27.3	spring
4	2018	4	11	0	16.4	spring
4	2018	4	11	0.3	16.4	spring
4	2018	4	11	0.61	16.4	spring
4	2018	4	11	0.91	16.5	spring
4	2018	4	11	1.22	16.4	spring
4	2018	4	11	1.52	16.5	spring
4	2018	4	11	1.83	16.5	spring
4	2018	4	11	2.13	16.5	spring
4	2018	4	11	2.44	19.9	spring
4	2018	4	11	2.74	23.9	spring
4	2018	4	11	3.05	24.9	spring
4	2018	4	11	3.35	25.6	spring
4	2018	4	11	3.66	25.9	spring
4	2018	4	11	3.96	26.2	spring
4	2018	4	11	4.27	26.6	spring
4	2018	4	11	4.57	27	spring
4	2018	4	11	4.88	27.3	spring
4	2018	4	11	5.18	27.4	spring
5	2018	4	13	0	16.1	spring
5	2018	4	13	0.3	16.2	spring
5	2018	4	13	0.61	16.3	spring
5	2018	4	13	0.91	16.3	spring
5	2018	4	13	1.22	16.3	spring
5	2018	4	13	1.52	16.4	spring
5	2018	4	13	1.83	16.4	spring
5	2018	4	13	2.13	16.4	spring
5	2018	4	13	2.44	16.3	spring
5	2018	4	13	2.74	24.1	spring
5	2018	4	13	3.05	25.1	spring
5	2018	4	13	3.35	25.8	spring
5	2018	4	13	3.66	26	spring
5	2018	4	13	3.96	26.2	spring
5	2018	4	13	4.27	26.3	spring
5	2018	4	13	4.57	27	spring
5	2018	4	13	4.88	27.3	spring
5	2018	4	13	5.18	27.4	spring
6	2018	4	19	0	16.1	spring
6	2018	4	19	0.3	16.2	spring
6	2018	4	19	0.61	16.3	spring
6	2018	4	19	0.91	16.3	spring
6	2018	4	19	1.22	16.3	spring
6	2018	4	19	1.52	16.4	spring
6	2018	4	19	1.83	16.4	spring
6	2018	4	19	2.13	16.4	spring
6	2018	4	19	2.44	16.4	spring
6	2018	4	19	2.74	17.2	spring
6	2018	4	19	3.05	24	spring
6	2018	4	19	3.35	25.5	spring
6	2018	4	19	3.66	26	spring
6	2018	4	19	3.96	26.3	spring
6	2018	4	19	4.27	26.6	spring
6	2018	4	19	4.57	27.1	spring
6	2018	4	19	4.88	27.5	spring
6	2018	4	19	5.18	27.7	spring
7	2018	4	24	0	15.5	spring
7	2018	4	24	0.3	15.5	spring
7	2018	4	24	0.61	15.5	spring
7	2018	4	24	0.91	15.5	spring
7	2018	4	24	1.22	15.6	spring
7	2018	4	24	1.52	15.6	spring
7	2018	4	24	1.83	15.6	spring
7	2018	4	24	2.13	15.6	spring
7	2018	4	24	2.44	15.7	spring
7	2018	4	24	2.74	15.8	spring
7	2018	4	24	3.05	24.2	spring
7	2018	4	24	3.35	25.2	spring
7	2018	4	24	3.66	25.8	spring
7	2018	4	24	3.96	26	spring
7	2018	4	24	4.27	26.2	spring
7	2018	4	24	4.57	26.7	spring
7	2018	4	24	4.88	26.5	spring
8	2018	4	27	0	14.8	spring
8	2018	4	27	0.3	14.8	spring
8	2018	4	27	0.61	15.1	spring
8	2018	4	27	0.91	15.2	spring
8	2018	4	27	1.22	11.6	spring
8	2018	4	27	1.52	15.5	spring
8	2018	4	27	1.83	15.5	spring
8	2018	4	27	2.13	15.6	spring
8	2018	4	27	2.44	15.6	spring
8	2018	4	27	2.74	15.8	spring
8	2018	4	27	3.05	22.7	spring
8	2018	4	27	3.35	25.4	spring
8	2018	4	27	3.66	25.9	spring
8	2018	4	27	3.96	26.1	spring
8	2018	4	27	4.27	26.3	spring
8	2018	4	27	4.57	26.9	spring
8	2018	4	27	4.88	27.4	spring
8	2018	4	27	5.18	27.6	spring
9	2018	5	2	0	12.4	spring
9	2018	5	2	0.3	14.4	spring
9	2018	5	2	0.61	14.4	spring
9	2018	5	2	0.91	14.4	spring
9	2018	5	2	1.22	14.4	spring
9	2018	5	2	1.52	14.4	spring
9	2018	5	2	1.83	14.3	spring
9	2018	5	2	2.13	14.3	spring
9	2018	5	2	2.44	14.3	spring
9	2018	5	2	2.74	14.3	spring
9	2018	5	2	3.05	23.3	spring
9	2018	5	2	3.35	25.2	spring
9	2018	5	2	3.66	25.6	spring
9	2018	5	2	3.96	25.5	spring
10	2018	5	4	0	13.8	spring
10	2018	5	4	0.3	13.8	spring
10	2018	5	4	0.61	13.9	spring
10	2018	5	4	0.91	14.1	spring
10	2018	5	4	1.22	14.2	spring
10	2018	5	4	1.52	14.3	spring
10	2018	5	4	1.83	14.3	spring
10	2018	5	4	2.13	14.3	spring
10	2018	5	4	2.44	14.3	spring
10	2018	5	4	2.74	14.3	spring
10	2018	5	4	3.05	23.1	spring
10	2018	5	4	3.35	24.8	spring
10	2018	5	4	3.66	25.4	spring
10	2018	5	4	3.96	25.6	spring
10	2018	5	4	4.27	26.2	spring
10	2018	5	4	4.57	26.8	spring
10	2018	5	4	4.88	27.2	spring
10	2018	5	4	5.18	27.4	spring
11	2018	5	7	0	14.2	spring
11	2018	5	7	0.3	14.3	spring
11	2018	5	7	0.61	14.2	spring
11	2018	5	7	0.91	14.2	spring
11	2018	5	7	1.22	14.2	spring
11	2018	5	7	1.52	14.3	spring
11	2018	5	7	1.83	14.2	spring
11	2018	5	7	2.13	14.3	spring
11	2018	5	7	2.44	14.3	spring
11	2018	5	7	2.74	14.3	spring
11	2018	5	7	3.05	21.4	spring
11	2018	5	7	3.35	24.4	spring
11	2018	5	7	3.66	25.2	spring
11	2018	5	7	3.96	25.7	spring
11	2018	5	7	4.27	26	spring
11	2018	5	7	4.57	26.7	spring
11	2018	5	7	4.88	27.2	spring
11	2018	5	7	5.18	27.2	spring
12	2018	5	9	0	14.2	spring
12	2018	5	9	0.3	14.2	spring
12	2018	5	9	0.61	14.2	spring
12	2018	5	9	0.91	14.2	spring
12	2018	5	9	1.22	14.2	spring
12	2018	5	9	1.52	14.2	spring
12	2018	5	9	1.83	14.2	spring
12	2018	5	9	2.13	14.2	spring
12	2018	5	9	2.44	14.1	spring
12	2018	5	9	2.74	14.1	spring
12	2018	5	9	3.05	22.1	spring
12	2018	5	9	3.35	24.4	spring
12	2018	5	9	3.66	25.5	spring
12	2018	5	9	3.96	26	spring
12	2018	5	9	4.27	26.2	spring
12	2018	5	9	4.57	26.8	spring
12	2018	5	9	4.88	27.3	spring
12	2018	5	9	5.18	27.5	spring
13	2018	5	11	0	14.1	spring
13	2018	5	11	0.3	14	spring
13	2018	5	11	0.61	14	spring
13	2018	5	11	0.91	14	spring
13	2018	5	11	1.22	14	spring
13	2018	5	11	1.52	14.1	spring
13	2018	5	11	1.83	14.1	spring
13	2018	5	11	2.13	14.1	spring
13	2018	5	11	2.44	14.2	spring
13	2018	5	11	2.74	14.5	spring
13	2018	5	11	3.05	22.4	spring
13	2018	5	11	3.35	24.4	spring
13	2018	5	11	3.66	25.3	spring
13	2018	5	11	3.96	25.8	spring
13	2018	5	11	4.27	26.3	spring
13	2018	5	11	4.57	27.1	spring
14	2018	5	15	0	13.5	spring
14	2018	5	15	0.3	13.5	spring
14	2018	5	15	0.61	13.5	spring
14	2018	5	15	0.91	13.7	spring
14	2018	5	15	1.22	13.7	spring
14	2018	5	15	1.52	13.7	spring
14	2018	5	15	1.83	13.7	spring
14	2018	5	15	2.13	13.7	spring
14	2018	5	15	2.44	13.8	spring
14	2018	5	15	2.74	14	spring
14	2018	5	15	3.05	19.9	spring
14	2018	5	15	3.35	23.7	spring
14	2018	5	15	3.66	25.3	spring
14	2018	5	15	3.96	26.1	spring
14	2018	5	15	4.27	26.5	spring
14	2018	5	15	4.57	26.7	spring
15	2018	5	19	0	13.8	spring
15	2018	5	19	0.3	13.8	spring
15	2018	5	19	0.61	13.8	spring
15	2018	5	19	0.91	13.8	spring
15	2018	5	19	1.22	13.8	spring
15	2018	5	19	1.52	13.8	spring
15	2018	5	19	1.83	13.8	spring
15	2018	5	19	2.13	14.1	spring
15	2018	5	19	2.44	15.3	spring
15	2018	5	19	2.74	18.4	spring
15	2018	5	19	3.05	21.5	spring
15	2018	5	19	3.35	23.5	spring
15	2018	5	19	3.66	24.8	spring
15	2018	5	19	3.96	25.7	spring
15	2018	5	19	4.27	26.1	spring
15	2018	5	19	4.57	26.7	spring
15	2018	5	19	4.88	27.2	spring
16	2018	5	21	0	13.3	spring
16	2018	5	21	0.3	13.3	spring
16	2018	5	21	0.61	13.4	spring
16	2018	5	21	0.91	13.6	spring
16	2018	5	21	1.22	13.6	spring
16	2018	5	21	1.52	13.6	spring
16	2018	5	21	1.83	13.6	spring
16	2018	5	21	2.13	13.7	spring
16	2018	5	21	2.44	13.7	spring
16	2018	5	21	2.74	18.4	spring
16	2018	5	21	3.05	21.2	spring
16	2018	5	21	3.35	23.3	spring
16	2018	5	21	3.66	24.4	spring
16	2018	5	21	3.96	25.5	spring
16	2018	5	21	4.27	26	spring
16	2018	5	21	4.57	26.7	spring
17	2018	5	24	0	13.3	spring
17	2018	5	24	0.3	13.3	spring
17	2018	5	24	0.61	13.3	spring
17	2018	5	24	0.91	13.3	spring
17	2018	5	24	1.22	13.3	spring
17	2018	5	24	1.52	13.3	spring
17	2018	5	24	1.83	13.3	spring
17	2018	5	24	2.13	13.4	spring
17	2018	5	24	2.44	13.7	spring
17	2018	5	24	2.74	17.3	spring
17	2018	5	24	3.05	21.9	spring
17	2018	5	24	3.35	23.1	spring
17	2018	5	24	3.66	24.2	spring
17	2018	5	24	3.96	25.2	spring
17	2018	5	24	4.27	25.7	spring
17	2018	5	24	4.57	26.3	spring
17	2018	5	24	4.88	26.8	spring
18	2018	5	27	0	9.3	spring
18	2018	5	27	0.3	13.6	spring
18	2018	5	27	0.61	13.6	spring
18	2018	5	27	0.91	13.6	spring
18	2018	5	27	1.22	13.6	spring
18	2018	5	27	1.52	13.6	spring
18	2018	5	27	1.83	13.6	spring
18	2018	5	27	2.13	13.6	spring
18	2018	5	27	2.44	13.6	spring
18	2018	5	27	2.74	15	spring
18	2018	5	27	3.05	21.2	spring
18	2018	5	27	3.35	23.1	spring
18	2018	5	27	3.66	24.4	spring
18	2018	5	27	3.96	25.3	spring
18	2018	5	27	4.27	25.9	spring
18	2018	5	27	4.57	26.6	spring
18	2018	5	27	4.88	27.1	spring
18	2018	5	27	5.18	27.3	spring
19	2018	5	30	0	6	spring
19	2018	5	30	0.3	13.5	spring
19	2018	5	30	0.61	13.5	spring
19	2018	5	30	0.91	13.5	spring
19	2018	5	30	1.22	13.5	spring
19	2018	5	30	1.52	13.5	spring
19	2018	5	30	1.83	13.6	spring
19	2018	5	30	2.13	13.6	spring
19	2018	5	30	2.44	13.6	spring
19	2018	5	30	2.74	14.2	spring
19	2018	5	30	3.05	20.3	spring
19	2018	5	30	3.35	22.9	spring
19	2018	5	30	3.66	24.3	spring
19	2018	5	30	3.96	25.4	spring
19	2018	5	30	4.27	25.9	spring
19	2018	5	30	4.57	26.6	spring
19	2018	5	30	4.88	27.3	spring
20	2018	6	1	0	12.3	spring
20	2018	6	1	0.3	12.6	spring
20	2018	6	1	0.61	13.1	spring
20	2018	6	1	0.91	13.1	spring
20	2018	6	1	1.22	13.3	spring
20	2018	6	1	1.52	13.5	spring
20	2018	6	1	1.83	13.5	spring
20	2018	6	1	2.13	13.6	spring
20	2018	6	1	2.44	13.6	spring
20	2018	6	1	2.74	14.3	spring
20	2018	6	1	3.05	20.7	spring
20	2018	6	1	3.35	23	spring
20	2018	6	1	3.66	24.6	spring
20	2018	6	1	3.96	25.5	spring
20	2018	6	1	4.27	26	spring
20	2018	6	1	4.57	26.6	spring
20	2018	6	1	4.88	27.3	spring
21	2018	6	5	0	13.1	spring
21	2018	6	5	0.3	13.1	spring
21	2018	6	5	0.61	13.1	spring
21	2018	6	5	0.91	13.1	spring
21	2018	6	5	1.22	13.1	spring
21	2018	6	5	1.52	13.1	spring
21	2018	6	5	1.83	13.1	spring
21	2018	6	5	2.13	13.1	spring
21	2018	6	5	2.44	13.1	spring
21	2018	6	5	2.74	13.1	spring
21	2018	6	5	3.05	18.9	spring
21	2018	6	5	3.35	22.6	spring
21	2018	6	5	3.66	24.3	spring
21	2018	6	5	3.96	25.3	spring
21	2018	6	5	4.27	25.9	spring
21	2018	6	5	4.57	26.7	spring
21	2018	6	5	4.88	27.1	spring
21	2018	6	5	5.18	27.5	spring
22	2018	6	7	0	0.3	spring
22	2018	6	7	0.3	12.8	spring
22	2018	6	7	0.61	12.9	spring
22	2018	6	7	0.91	12.9	spring
22	2018	6	7	1.22	12.9	spring
22	2018	6	7	1.52	12.9	spring
22	2018	6	7	1.83	13	spring
22	2018	6	7	2.13	13	spring
22	2018	6	7	2.44	13	spring
22	2018	6	7	2.74	13	spring
22	2018	6	7	3.05	18.4	spring
22	2018	6	7	3.35	22.2	spring
22	2018	6	7	3.66	23.9	spring
22	2018	6	7	3.96	25	spring
22	2018	6	7	4.27	25.7	spring
22	2018	6	7	4.57	26.5	spring
22	2018	6	7	4.88	27	spring
23	2018	6	9	0	12.6	spring
23	2018	6	9	0.3	12.9	spring
23	2018	6	9	0.61	12.9	spring
23	2018	6	9	0.91	12.9	spring
23	2018	6	9	1.22	12.9	spring
23	2018	6	9	1.52	13	spring
23	2018	6	9	1.83	13	spring
23	2018	6	9	2.13	12.9	spring
23	2018	6	9	2.44	12.9	spring
23	2018	6	9	2.74	13	spring
23	2018	6	9	3.05	20.2	spring
23	2018	6	9	3.35	22.7	spring
23	2018	6	9	3.66	24.1	spring
23	2018	6	9	3.96	25.3	spring
23	2018	6	9	4.27	26	spring
23	2018	6	9	4.57	26.6	spring
23	2018	6	9	4.88	27.1	spring
24	2018	6	11	0	12.7	spring
24	2018	6	11	0.3	12.8	spring
24	2018	6	11	0.61	12.8	spring
24	2018	6	11	0.91	12.7	spring
24	2018	6	11	1.22	12.8	spring
24	2018	6	11	1.52	12.8	spring
24	2018	6	11	1.83	12.8	spring
24	2018	6	11	2.13	12.8	spring
24	2018	6	11	2.44	12.8	spring
24	2018	6	11	2.74	12.9	spring
24	2018	6	11	3.05	18.9	spring
24	2018	6	11	3.35	22.7	spring
24	2018	6	11	3.66	24.1	spring
24	2018	6	11	3.96	25.2	spring
24	2018	6	11	4.27	25.8	spring
24	2018	6	11	4.57	26.5	spring
24	2018	6	11	4.88	27	spring
25	2018	6	15	0	12.8	spring
25	2018	6	15	0.3	12.9	spring
25	2018	6	15	0.61	12.9	spring
25	2018	6	15	0.91	12.9	spring
25	2018	6	15	1.22	12.9	spring
25	2018	6	15	1.52	12.9	spring
25	2018	6	15	1.83	12.9	spring
25	2018	6	15	2.13	12.9	spring
25	2018	6	15	2.44	12.9	spring
25	2018	6	15	2.74	13	spring
25	2018	6	15	3.05	17.9	spring
25	2018	6	15	3.35	22.5	spring
25	2018	6	15	3.66	23.9	spring
25	2018	6	15	3.96	25.2	spring
25	2018	6	15	4.27	25.8	spring
25	2018	6	15	4.57	26.6	spring
25	2018	6	15	4.88	27.3	spring
26	2018	6	19	0	12.8	spring
26	2018	6	19	0.3	12.9	spring
26	2018	6	19	0.61	12.9	spring
26	2018	6	19	0.91	12.9	spring
26	2018	6	19	1.22	12.9	spring
26	2018	6	19	1.52	12.9	spring
26	2018	6	19	1.83	12.9	spring
26	2018	6	19	2.13	13	spring
26	2018	6	19	2.44	13.2	spring
26	2018	6	19	2.74	19.6	spring
26	2018	6	19	3.05	22.3	spring
26	2018	6	19	3.35	23.3	spring
26	2018	6	19	3.66	24.2	spring
26	2018	6	19	3.96	25.2	spring
26	2018	6	19	4.27	25.8	spring
26	2018	6	19	4.57	26.7	spring
26	2018	6	19	4.88	27.2	spring
26	2018	6	19	5.18	27.4	spring
27	2018	6	22	0	12.6	spring
27	2018	6	22	0.3	12.7	spring
27	2018	6	22	0.61	12.7	spring
27	2018	6	22	0.91	12.7	spring
27	2018	6	22	1.22	12.7	spring
27	2018	6	22	1.52	12.7	spring
27	2018	6	22	1.83	12.8	spring
27	2018	6	22	2.13	13	spring
27	2018	6	22	2.44	16	spring
27	2018	6	22	2.74	20.9	spring
27	2018	6	22	3.05	22.4	spring
27	2018	6	22	3.35	23.3	spring
27	2018	6	22	3.66	24.1	spring
27	2018	6	22	3.96	24.8	spring
27	2018	6	22	4.27	25.5	spring
27	2018	6	22	4.57	26.6	spring
27	2018	6	22	4.88	26.9	spring
27	2018	6	22	5.18	27.2	spring
28	2018	6	26	0	12.8	spring
28	2018	6	26	0.3	12.8	spring
28	2018	6	26	0.61	12.8	spring
28	2018	6	26	0.91	12.8	spring
28	2018	6	26	1.22	12.8	spring
28	2018	6	26	1.52	12.8	spring
28	2018	6	26	1.83	12.8	spring
28	2018	6	26	2.13	12.8	spring
28	2018	6	26	2.44	15.8	spring
28	2018	6	26	2.74	19.8	spring
28	2018	6	26	3.05	22.1	spring
28	2018	6	26	3.35	23.3	spring
28	2018	6	26	3.66	24.3	spring
28	2018	6	26	3.96	24.9	spring
28	2018	6	26	4.27	25.6	spring
28	2018	6	26	4.57	26.6	spring
28	2018	6	26	4.88	27.2	spring
29	2018	6	29	0	10.7	spring
29	2018	6	29	0.3	12.5	spring
29	2018	6	29	0.61	12.5	spring
29	2018	6	29	0.91	12.5	spring
29	2018	6	29	1.22	12.5	spring
29	2018	6	29	1.52	12.8	spring
29	2018	6	29	1.83	12.8	spring
29	2018	6	29	2.13	12.8	spring
29	2018	6	29	2.44	12.8	spring
29	2018	6	29	2.74	18.2	spring
29	2018	6	29	3.05	21.6	spring
29	2018	6	29	3.35	23.1	spring
29	2018	6	29	3.66	24	spring
29	2018	6	29	3.96	24.7	spring
29	2018	6	29	4.27	25.5	spring
29	2018	6	29	4.57	26.4	spring
29	2018	6	29	4.88	27.1	spring
29	2018	6	29	5.18	27.6	spring
30	2018	7	3	0	12.3	summer
30	2018	7	3	0.3	12.3	summer
30	2018	7	3	0.61	12.3	summer
30	2018	7	3	0.91	12.3	summer
30	2018	7	3	1.22	12.3	summer
30	2018	7	3	1.52	12.3	summer
30	2018	7	3	1.83	12.3	summer
30	2018	7	3	2.13	13	summer
30	2018	7	3	2.44	13.4	summer
30	2018	7	3	2.74	19.4	summer
30	2018	7	3	3.05	22.3	summer
30	2018	7	3	3.35	23.3	summer
30	2018	7	3	3.66	24.1	summer
30	2018	7	3	3.96	24.8	summer
30	2018	7	3	4.27	25.5	summer
30	2018	7	3	4.57	26.5	summer
30	2018	7	3	4.88	27.3	summer
30	2018	7	3	5.18	27.5	summer
31	2018	7	5	0	12.3	summer
31	2018	7	5	0.3	12.3	summer
31	2018	7	5	0.61	12.3	summer
31	2018	7	5	0.91	12.3	summer
31	2018	7	5	1.22	12.3	summer
31	2018	7	5	1.52	12.3	summer
31	2018	7	5	1.83	12.4	summer
31	2018	7	5	2.13	13.1	summer
31	2018	7	5	2.44	14.1	summer
31	2018	7	5	2.74	19.2	summer
31	2018	7	5	3.05	21.8	summer
31	2018	7	5	3.35	23.4	summer
31	2018	7	5	3.66	24.2	summer
31	2018	7	5	3.96	24.7	summer
31	2018	7	5	4.27	25.5	summer
31	2018	7	5	4.57	26.6	summer
31	2018	7	5	4.88	27.2	summer
31	2018	7	5	5.18	27.2	summer
32	2018	7	9	0	12.5	summer
32	2018	7	9	0.3	12.5	summer
32	2018	7	9	0.61	12.5	summer
32	2018	7	9	0.91	12.5	summer
32	2018	7	9	1.22	12.5	summer
32	2018	7	9	1.52	12.5	summer
32	2018	7	9	1.83	12.5	summer
32	2018	7	9	2.13	12.5	summer
32	2018	7	9	2.44	12.5	summer
32	2018	7	9	2.74	19.4	summer
32	2018	7	9	3.05	21.9	summer
32	2018	7	9	3.35	23.2	summer
32	2018	7	9	3.66	24	summer
32	2018	7	9	3.96	24.7	summer
32	2018	7	9	4.27	25.5	summer
33	2018	7	12	0	12.5	summer
33	2018	7	12	0.3	12.5	summer
33	2018	7	12	0.61	12.6	summer
33	2018	7	12	0.91	12.6	summer
33	2018	7	12	1.22	12.6	summer
33	2018	7	12	1.52	12.6	summer
33	2018	7	12	1.83	12.6	summer
33	2018	7	12	2.13	12.7	summer
33	2018	7	12	2.44	14.3	summer
33	2018	7	12	2.74	20.1	summer
33	2018	7	12	3.05	22.1	summer
33	2018	7	12	3.35	23.3	summer
33	2018	7	12	3.66	24	summer
33	2018	7	12	3.96	24.5	summer
33	2018	7	12	4.27	25.1	summer
33	2018	7	12	4.57	26.4	summer
33	2018	7	12	4.88	27.1	summer
34	2018	7	16	0	12.2	summer
34	2018	7	16	0.3	12.2	summer
34	2018	7	16	0.61	12.5	summer
34	2018	7	16	0.91	12.5	summer
34	2018	7	16	1.22	12.5	summer
34	2018	7	16	1.52	12.4	summer
34	2018	7	16	1.83	16.3	summer
34	2018	7	16	2.13	19.3	summer
34	2018	7	16	2.44	21.2	summer
34	2018	7	16	2.74	22.5	summer
34	2018	7	16	3.05	23.2	summer
34	2018	7	16	3.35	23.8	summer
34	2018	7	16	3.66	24.4	summer
34	2018	7	16	3.96	24.5	summer
34	2018	7	16	4.27	25.2	summer
34	2018	7	16	4.57	26.1	summer
34	2018	7	16	4.88	27.1	summer
35	2018	7	19	0	12.6	summer
35	2018	7	19	0.3	12.6	summer
35	2018	7	19	0.61	12.7	summer
35	2018	7	19	0.91	12.7	summer
35	2018	7	19	1.22	12.8	summer
35	2018	7	19	1.52	14.3	summer
35	2018	7	19	1.83	18.3	summer
35	2018	7	19	2.13	20.8	summer
35	2018	7	19	2.44	21.9	summer
35	2018	7	19	2.74	22.6	summer
35	2018	7	19	3.05	23.4	summer
35	2018	7	19	3.35	23.9	summer
35	2018	7	19	3.66	24.3	summer
35	2018	7	19	3.96	24.8	summer
35	2018	7	19	4.27	25.4	summer
35	2018	7	19	4.57	26.3	summer
35	2018	7	19	4.88	26.9	summer
35	2018	7	19	5.18	27.2	summer
36	2018	7	24	0	13.6	summer
36	2018	7	24	0.3	13.6	summer
36	2018	7	24	0.61	13.6	summer
36	2018	7	24	0.91	13.6	summer
36	2018	7	24	1.22	13.7	summer
36	2018	7	24	1.52	13.7	summer
36	2018	7	24	1.83	13.8	summer
36	2018	7	24	2.13	19.5	summer
36	2018	7	24	2.44	21.9	summer
36	2018	7	24	2.74	22.7	summer
36	2018	7	24	3.05	23.4	summer
36	2018	7	24	3.35	24	summer
36	2018	7	24	3.66	24.3	summer
36	2018	7	24	3.96	24.7	summer
36	2018	7	24	4.27	25.2	summer
36	2018	7	24	4.57	26.4	summer
36	2018	7	24	4.88	27.1	summer
37	2018	7	27	0	13.2	summer
37	2018	7	27	0.3	13.3	summer
37	2018	7	27	0.61	13.6	summer
37	2018	7	27	0.91	13.9	summer
37	2018	7	27	1.22	13.9	summer
37	2018	7	27	1.52	14	summer
37	2018	7	27	1.83	14	summer
37	2018	7	27	2.13	17.7	summer
37	2018	7	27	2.44	21.5	summer
37	2018	7	27	2.74	22.6	summer
37	2018	7	27	3.05	23.3	summer
37	2018	7	27	3.35	24.1	summer
37	2018	7	27	3.66	24.4	summer
37	2018	7	27	3.96	24.8	summer
37	2018	7	27	4.27	25.4	summer
37	2018	7	27	4.57	26.5	summer
37	2018	7	27	4.88	27.3	summer
37	2018	7	27	5.18	27.3	summer
38	2018	7	30	0	13.9	summer
38	2018	7	30	0.3	13.9	summer
38	2018	7	30	0.61	13.9	summer
38	2018	7	30	0.91	13.9	summer
38	2018	7	30	1.22	13.9	summer
38	2018	7	30	1.52	14.1	summer
38	2018	7	30	1.83	14.1	summer
38	2018	7	30	2.13	14.5	summer
38	2018	7	30	2.44	20.9	summer
38	2018	7	30	2.74	22.5	summer
38	2018	7	30	3.05	23.2	summer
38	2018	7	30	3.35	23.8	summer
38	2018	7	30	3.66	24.2	summer
38	2018	7	30	3.96	24.6	summer
38	2018	7	30	4.27	25.3	summer
38	2018	7	30	4.57	26.3	summer
38	2018	7	30	4.88	26.9	summer
39	2018	8	6	0	14	summer
39	2018	8	6	0.3	14	summer
39	2018	8	6	0.61	14	summer
39	2018	8	6	0.91	14	summer
39	2018	8	6	1.22	14	summer
39	2018	8	6	1.52	14	summer
39	2018	8	6	1.83	14	summer
39	2018	8	6	2.13	14	summer
39	2018	8	6	2.44	16.7	summer
39	2018	8	6	2.74	22.1	summer
39	2018	8	6	3.05	23.4	summer
39	2018	8	6	3.35	23.9	summer
39	2018	8	6	3.66	24.2	summer
39	2018	8	6	3.96	24.7	summer
39	2018	8	6	4.27	25.3	summer
39	2018	8	6	4.57	26.4	summer
39	2018	8	6	4.88	27.4	summer
39	2018	8	6	5.18	27.3	summer
40	2018	8	9	0	14	summer
40	2018	8	9	0.3	14	summer
40	2018	8	9	0.61	14	summer
40	2018	8	9	0.91	14	summer
40	2018	8	9	1.22	14	summer
40	2018	8	9	1.52	14	summer
40	2018	8	9	1.83	14	summer
40	2018	8	9	2.13	16.4	summer
40	2018	8	9	2.44	19.7	summer
40	2018	8	9	2.74	22.7	summer
40	2018	8	9	3.05	23.3	summer
40	2018	8	9	3.35	23.7	summer
40	2018	8	9	3.66	24.2	summer
40	2018	8	9	3.96	24.7	summer
40	2018	8	9	4.27	25.3	summer
40	2018	8	9	4.57	26.1	summer
40	2018	8	9	4.88	27	summer
40	2018	8	9	5.18	27.4	summer
41	2018	8	13	0	14.4	summer
41	2018	8	13	0.3	14.4	summer
41	2018	8	13	0.61	14.5	summer
41	2018	8	13	0.91	14.5	summer
41	2018	8	13	1.22	16.2	summer
41	2018	8	13	1.52	18.4	summer
41	2018	8	13	1.83	21.7	summer
41	2018	8	13	2.13	23.1	summer
41	2018	8	13	2.44	23.7	summer
41	2018	8	13	2.74	24.1	summer
41	2018	8	13	3.05	24.4	summer
41	2018	8	13	3.35	24.7	summer
41	2018	8	13	3.66	25.1	summer
41	2018	8	13	3.96	25.9	summer
41	2018	8	13	4.27	25.9	summer
41	2018	8	13	4.57	26.4	summer
41	2018	8	13	4.88	27.4	summer
41	2018	8	13	5.18	27.3	summer
42	2018	8	16	0	14.7	summer
42	2018	8	16	0.3	14.7	summer
42	2018	8	16	0.61	14.7	summer
42	2018	8	16	0.91	14.8	summer
42	2018	8	16	1.22	16.9	summer
42	2018	8	16	1.52	21.1	summer
42	2018	8	16	1.83	22.4	summer
42	2018	8	16	2.13	23.3	summer
42	2018	8	16	2.44	23.8	summer
42	2018	8	16	2.74	24	summer
42	2018	8	16	3.05	24.3	summer
42	2018	8	16	3.35	24.7	summer
42	2018	8	16	3.66	25.1	summer
42	2018	8	16	3.96	25.5	summer
42	2018	8	16	4.27	25.9	summer
42	2018	8	16	4.57	26.6	summer
42	2018	8	16	4.88	27.3	summer
42	2018	8	16	5.18	27.5	summer
43	2018	8	20	0	15	summer
43	2018	8	20	0.3	15	summer
43	2018	8	20	0.61	15.1	summer
43	2018	8	20	0.91	15.1	summer
43	2018	8	20	1.22	15.1	summer
43	2018	8	20	1.52	18.7	summer
43	2018	8	20	1.83	21.2	summer
43	2018	8	20	2.13	22.3	summer
43	2018	8	20	2.44	22.9	summer
43	2018	8	20	2.74	23.2	summer
43	2018	8	20	3.05	23.6	summer
43	2018	8	20	3.35	23.8	summer
43	2018	8	20	3.66	24.1	summer
43	2018	8	20	3.96	24.8	summer
43	2018	8	20	4.27	25.2	summer
43	2018	8	20	4.57	25.4	summer
43	2018	8	20	4.88	26.5	summer
43	2018	8	20	5.18	26.7	summer
44	2018	8	23	0	16.1	summer
44	2018	8	23	0.3	16.1	summer
44	2018	8	23	0.61	16.1	summer
44	2018	8	23	0.91	16.1	summer
44	2018	8	23	1.22	16.1	summer
44	2018	8	23	1.52	16.2	summer
44	2018	8	23	1.83	20.4	summer
44	2018	8	23	2.13	22.6	summer
44	2018	8	23	2.44	23.6	summer
44	2018	8	23	2.74	24	summer
44	2018	8	23	3.05	24.4	summer
44	2018	8	23	3.35	24.7	summer
44	2018	8	23	3.66	25.2	summer
44	2018	8	23	3.96	25.4	summer
44	2018	8	23	4.27	25.8	summer
44	2018	8	23	4.57	26.3	summer
44	2018	8	23	4.88	26.9	summer
44	2018	8	23	5.18	27.3	summer
45	2018	8	29	0	15.9	summer
45	2018	8	29	0.3	15.9	summer
45	2018	8	29	0.61	15.9	summer
45	2018	8	29	0.91	16	summer
45	2018	8	29	1.22	16.1	summer
45	2018	8	29	1.52	16.1	summer
45	2018	8	29	1.83	16.1	summer
45	2018	8	29	2.13	20.8	summer
45	2018	8	29	2.44	22.9	summer
45	2018	8	29	2.74	23.7	summer
45	2018	8	29	3.05	24	summer
45	2018	8	29	3.35	24.5	summer
45	2018	8	29	3.66	25	summer
45	2018	8	29	3.96	25.4	summer
45	2018	8	29	4.27	25.7	summer
45	2018	8	29	4.57	26.3	summer
45	2018	8	29	4.88	26.9	summer
45	2018	8	29	5.18	27.2	summer
46	2018	8	31	0	16.3	summer
46	2018	8	31	0.3	16.3	summer
46	2018	8	31	0.61	16.3	summer
46	2018	8	31	0.91	16.3	summer
46	2018	8	31	1.22	16.3	summer
46	2018	8	31	1.52	16.3	summer
46	2018	8	31	1.83	17.1	summer
46	2018	8	31	2.13	20.8	summer
46	2018	8	31	2.44	23.4	summer
46	2018	8	31	2.74	23.8	summer
46	2018	8	31	3.05	24.3	summer
46	2018	8	31	3.35	24.6	summer
46	2018	8	31	3.66	25	summer
46	2018	8	31	3.96	24.3	summer
46	2018	8	31	4.27	25.7	summer
46	2018	8	31	4.57	26.3	summer
47	2018	9	4	0	16.6	fall
47	2018	9	4	0.3	16.6	fall
47	2018	9	4	0.61	16.7	fall
47	2018	9	4	0.91	16.6	fall
47	2018	9	4	1.22	16.6	fall
47	2018	9	4	1.52	16.6	fall
47	2018	9	4	1.83	16.7	fall
47	2018	9	4	2.13	17.7	fall
47	2018	9	4	2.44	23	fall
47	2018	9	4	2.74	23.8	fall
47	2018	9	4	3.05	24.3	fall
47	2018	9	4	3.35	24.6	fall
47	2018	9	4	3.66	25.2	fall
47	2018	9	4	3.96	24.6	fall
47	2018	9	4	4.27	25.8	fall
47	2018	9	4	4.57	26.2	fall
47	2018	9	4	4.88	27.1	fall
47	2018	9	4	5.18	27.2	fall
48	2018	9	7	0	16.3	fall
48	2018	9	7	0.3	16.4	fall
48	2018	9	7	0.61	16.4	fall
48	2018	9	7	0.91	16.4	fall
48	2018	9	7	1.22	16.5	fall
48	2018	9	7	1.52	16.5	fall
48	2018	9	7	1.83	16.7	fall
48	2018	9	7	2.13	18.5	fall
48	2018	9	7	2.44	22.4	fall
48	2018	9	7	2.74	23.5	fall
48	2018	9	7	3.05	23.9	fall
48	2018	9	7	3.35	24.3	fall
48	2018	9	7	3.66	24.9	fall
48	2018	9	7	3.96	25.2	fall
48	2018	9	7	4.27	25.5	fall
48	2018	9	7	4.57	26	fall
48	2018	9	7	4.88	26.7	fall
48	2018	9	7	5.18	26.9	fall
49	2018	9	12	0	17.6	fall
49	2018	9	12	0.3	17.6	fall
49	2018	9	12	0.61	17.7	fall
49	2018	9	12	0.91	17.7	fall
49	2018	9	12	1.22	17.7	fall
49	2018	9	12	1.52	17.8	fall
49	2018	9	12	1.83	17.8	fall
49	2018	9	12	2.13	18.3	fall
49	2018	9	12	2.44	21.8	fall
49	2018	9	12	2.74	23.2	fall
49	2018	9	12	3.05	23.9	fall
49	2018	9	12	3.35	24.3	fall
49	2018	9	12	3.66	24.7	fall
49	2018	9	12	3.96	25.1	fall
49	2018	9	12	4.27	25.4	fall
49	2018	9	12	4.57	24.8	fall
49	2018	9	12	4.88	26.4	fall
49	2018	9	12	5.18	26.9	fall
50	2018	9	14	0	17.5	fall
50	2018	9	14	0.3	17.5	fall
50	2018	9	14	0.61	17.6	fall
50	2018	9	14	0.91	17.6	fall
50	2018	9	14	1.22	17.7	fall
50	2018	9	14	1.52	17.7	fall
50	2018	9	14	1.83	18	fall
50	2018	9	14	2.13	19.1	fall
50	2018	9	14	2.44	21.6	fall
50	2018	9	14	2.74	23.3	fall
50	2018	9	14	3.05	24	fall
50	2018	9	14	3.35	24.5	fall
50	2018	9	14	3.66	24.8	fall
50	2018	9	14	3.96	25.1	fall
50	2018	9	14	4.27	25.5	fall
50	2018	9	14	4.57	25.9	fall
50	2018	9	14	4.88	26.5	fall
50	2018	9	14	5.18	26.9	fall
51	2018	9	17	0	17	fall
51	2018	9	17	0.3	17.1	fall
51	2018	9	17	0.61	17.1	fall
51	2018	9	17	0.91	17.2	fall
51	2018	9	17	1.22	17.3	fall
51	2018	9	17	1.52	17.3	fall
51	2018	9	17	1.83	17.3	fall
51	2018	9	17	2.13	18.2	fall
51	2018	9	17	2.44	20	fall
51	2018	9	17	2.74	23	fall
51	2018	9	17	3.05	23.6	fall
51	2018	9	17	3.35	24.1	fall
51	2018	9	17	3.66	24.6	fall
51	2018	9	17	3.96	25	fall
51	2018	9	17	4.27	25.2	fall
51	2018	9	17	4.57	25.6	fall
51	2018	9	17	4.88	26	fall
51	2018	9	17	5.18	26.5	fall
52	2018	9	20	0	17.3	fall
52	2018	9	20	0.3	17.4	fall
52	2018	9	20	0.61	17.4	fall
52	2018	9	20	0.91	17.4	fall
52	2018	9	20	1.22	17.4	fall
52	2018	9	20	1.52	17.4	fall
52	2018	9	20	1.83	17.5	fall
52	2018	9	20	2.13	17.4	fall
52	2018	9	20	2.44	19	fall
52	2018	9	20	2.74	22.3	fall
52	2018	9	20	3.05	23.8	fall
52	2018	9	20	3.35	24.3	fall
52	2018	9	20	3.66	24.7	fall
52	2018	9	20	3.96	25	fall
52	2018	9	20	4.27	25.3	fall
52	2018	9	20	4.57	25.8	fall
52	2018	9	20	4.88	26.3	fall
52	2018	9	20	5.18	26.7	fall
53	2018	9	25	0	17.4	fall
53	2018	9	25	0.3	17.5	fall
53	2018	9	25	0.61	17.5	fall
53	2018	9	25	0.91	17.6	fall
53	2018	9	25	1.22	17.6	fall
53	2018	9	25	1.52	17.6	fall
53	2018	9	25	1.83	17.7	fall
53	2018	9	25	2.13	17.7	fall
53	2018	9	25	2.44	18.5	fall
53	2018	9	25	2.74	19	fall
53	2018	9	25	3.05	22.8	fall
53	2018	9	25	3.35	23.9	fall
53	2018	9	25	3.66	24.4	fall
53	2018	9	25	3.96	24.8	fall
53	2018	9	25	4.27	25	fall
53	2018	9	25	4.57	25.5	fall
53	2018	9	25	4.88	26.1	fall
53	2018	9	25	5.18	26.5	fall
54	2018	9	28	0	16.8	fall
54	2018	9	28	0.3	17.2	fall
54	2018	9	28	0.61	17.3	fall
54	2018	9	28	0.91	17.5	fall
54	2018	9	28	1.22	17.6	fall
54	2018	9	28	1.52	17.7	fall
54	2018	9	28	1.83	17.7	fall
54	2018	9	28	2.13	17.7	fall
54	2018	9	28	2.44	17.7	fall
54	2018	9	28	2.74	17.8	fall
54	2018	9	28	3.05	17.8	fall
54	2018	9	28	3.35	21.4	fall
54	2018	9	28	3.66	24	fall
54	2018	9	28	3.96	24.6	fall
54	2018	9	28	4.27	25.1	fall
54	2018	9	28	4.57	25.5	fall
54	2018	9	28	4.88	26.2	fall
54	2018	9	28	5.18	26.5	fall
55	2018	10	1	0	16.6	fall
55	2018	10	1	0.3	16.7	fall
55	2018	10	1	0.61	16.8	fall
55	2018	10	1	0.91	16.8	fall
55	2018	10	1	1.22	16.9	fall
55	2018	10	1	1.52	17	fall
55	2018	10	1	1.83	17	fall
55	2018	10	1	2.13	17.1	fall
55	2018	10	1	2.44	17.1	fall
55	2018	10	1	2.74	17.1	fall
55	2018	10	1	3.05	17.1	fall
55	2018	10	1	3.35	20.9	fall
55	2018	10	1	3.66	23.3	fall
55	2018	10	1	3.96	24.1	fall
55	2018	10	1	4.27	24.5	fall
55	2018	10	1	4.57	25	fall
55	2018	10	1	4.88	25.6	fall
55	2018	10	1	5.18	26	fall
56	2018	10	3	0	17.1	fall
56	2018	10	3	0.3	17.1	fall
56	2018	10	3	0.61	17.2	fall
56	2018	10	3	0.91	17.2	fall
56	2018	10	3	1.22	17.3	fall
56	2018	10	3	1.52	17.3	fall
56	2018	10	3	1.83	17.3	fall
56	2018	10	3	2.13	17.4	fall
56	2018	10	3	2.44	17.5	fall
56	2018	10	3	2.74	17.5	fall
56	2018	10	3	3.05	17.7	fall
56	2018	10	3	3.35	22.5	fall
56	2018	10	3	3.66	24	fall
56	2018	10	3	3.96	24.6	fall
56	2018	10	3	4.27	25.1	fall
56	2018	10	3	4.57	25.5	fall
56	2018	10	3	4.88	26.2	fall
56	2018	10	3	5.18	26.6	fall
57	2018	10	8	0	15.8	fall
57	2018	10	8	0.3	16	fall
57	2018	10	8	0.61	16.2	fall
57	2018	10	8	0.91	16.4	fall
57	2018	10	8	1.22	16.5	fall
57	2018	10	8	1.52	16.8	fall
57	2018	10	8	1.83	17.2	fall
57	2018	10	8	2.13	18.3	fall
57	2018	10	8	2.44	20	fall
57	2018	10	8	2.74	21.4	fall
57	2018	10	8	3.05	22.3	fall
57	2018	10	8	3.35	22.9	fall
57	2018	10	8	3.66	23.5	fall
57	2018	10	8	3.96	23.9	fall
57	2018	10	8	4.27	24.3	fall
57	2018	10	8	4.57	24.8	fall
57	2018	10	8	4.88	25.3	fall
57	2018	10	8	5.18	25.3	fall
58	2018	10	10	0	16.8	fall
58	2018	10	10	0.3	16.9	fall
58	2018	10	10	0.61	16.9	fall
58	2018	10	10	0.91	17	fall
58	2018	10	10	1.22	17.1	fall
58	2018	10	10	1.52	17.1	fall
58	2018	10	10	1.83	17.2	fall
58	2018	10	10	2.13	19.7	fall
58	2018	10	10	2.44	21	fall
58	2018	10	10	2.74	21.6	fall
58	2018	10	10	3.05	23	fall
58	2018	10	10	3.35	23.7	fall
58	2018	10	10	3.66	24.2	fall
58	2018	10	10	3.96	24.5	fall
58	2018	10	10	4.27	24.9	fall
58	2018	10	10	4.57	25.3	fall
58	2018	10	10	4.88	25.9	fall
58	2018	10	10	5.18	26.3	fall