	cast	year	month	day	depth	temp	season
1	1	2018	3	19	0	3.1	spring
2	1	2018	3	19	0.3	3.0	spring
3	1	2018	3	19	0.61	3.0	spring
4	1	2018	3	19	0.91	2.9	spring
5	1	2018	3	19	1.22	2.9	spring
6	1	2018	3	19	1.52	2.9	spring
7	1	2018	3	19	1.83	2.9	spring
8	1	2018	3	19	2.13	2.9	spring
9	1	2018	3	19	2.44	3.8	spring
10	1	2018	3	19	2.74	6.4	spring
11	1	2018	3	19	3.05	7.4	spring
12	1	2018	3	19	3.35	8.1	spring
13	1	2018	3	19	3.66	8.1	spring
14	1	2018	3	19	3.96	8.3	spring
15	1	2018	3	19	4.27	8.0	spring
16	1	2018	3	19	4.57	7.8	spring
17	1	2018	3	19	4.88	7.5	spring
18	2	2018	3	29	0	14.8	spring
19	2	2018	3	29	0.3	14.5	spring
20	2	2018	3	29	0.61	14.4	spring
21	2	2018	3	29	0.91	14.1	spring
22	2	2018	3	29	1.22	13.8	spring
23	2	2018	3	29	1.52	13.7	spring
24	2	2018	3	29	1.83	13.9	spring
25	2	2018	3	29	2.13	14.8	spring
26	2	2018	3	29	2.44	15.4	spring
27	2	2018	3	29	2.74	15.5	spring
28	2	2018	3	29	3.05	16.1	spring
29	2	2018	3	29	3.35	16.6	spring
30	2	2018	3	29	3.66	17.0	spring
31	2	2018	3	29	3.96	15.6	spring
32	2	2018	3	29	4.27	14.7	spring
33	2	2018	3	29	4.57	14.1	spring
34	2	2018	3	29	4.88	1.5	spring
35	3	2018	4	4	0	6.5	spring
36	3	2018	4	4	0.3	6.5	spring
37	3	2018	4	4	0.61	6.4	spring
38	3	2018	4	4	0.91	6.4	spring
39	3	2018	4	4	1.22	6.4	spring
40	3	2018	4	4	1.52	6.4	spring
41	3	2018	4	4	1.83	6.5	spring
42	3	2018	4	4	2.13	7.1	spring
43	3	2018	4	4	2.44	7.9	spring
44	3	2018	4	4	2.74	10.2	spring
45	3	2018	4	4	3.05	11.1	spring
46	3	2018	4	4	3.35	11.1	spring
47	3	2018	4	4	3.66	11.0	spring
48	3	2018	4	4	3.96	10.8	spring
49	3	2018	4	4	4.27	10.1	spring
50	3	2018	4	4	4.57	9.7	spring
51	3	2018	4	4	4.88	9.2	spring
52	3	2018	4	4	5.18	9.0	spring
53	4	2018	4	11	0	6.5	spring
54	4	2018	4	11	0.3	6.5	spring
55	4	2018	4	11	0.61	6.5	spring
56	4	2018	4	11	0.91	6.5	spring
57	4	2018	4	11	1.22	6.6	spring
58	4	2018	4	11	1.52	6.7	spring
59	4	2018	4	11	1.83	6.8	spring
60	4	2018	4	11	2.13	6.9	spring
61	4	2018	4	11	2.44	8.0	spring
62	4	2018	4	11	2.74	9.9	spring
63	4	2018	4	11	3.05	11.0	spring
64	4	2018	4	11	3.35	11.4	spring
65	4	2018	4	11	3.66	11.4	spring
66	4	2018	4	11	3.96	11.3	spring
67	4	2018	4	11	4.27	10.6	spring
68	4	2018	4	11	4.57	10.3	spring
69	4	2018	4	11	4.88	10.0	spring
70	4	2018	4	11	5.18	9.9	spring
71	5	2018	4	13	0	9.0	spring
72	5	2018	4	13	0.3	8.9	spring
73	5	2018	4	13	0.61	8.9	spring
74	5	2018	4	13	0.91	8.9	spring
75	5	2018	4	13	1.22	8.8	spring
76	5	2018	4	13	1.52	8.8	spring
77	5	2018	4	13	1.83	8.8	spring
78	5	2018	4	13	2.13	8.8	spring
79	5	2018	4	13	2.44	9.1	spring
80	5	2018	4	13	2.74	10.2	spring
81	5	2018	4	13	3.05	11.7	spring
82	5	2018	4	13	3.35	11.9	spring
83	5	2018	4	13	3.66	12.0	spring
84	5	2018	4	13	3.96	11.8	spring
85	5	2018	4	13	4.27	11.5	spring
86	5	2018	4	13	4.57	10.8	spring
87	5	2018	4	13	4.88	10.1	spring
88	5	2018	4	13	5.18	10.0	spring
89	6	2018	4	19	0	8.8	spring
90	6	2018	4	19	0.3	8.9	spring
91	6	2018	4	19	0.61	9.0	spring
92	6	2018	4	19	0.91	9.1	spring
93	6	2018	4	19	1.22	9.1	spring
94	6	2018	4	19	1.52	9.1	spring
95	6	2018	4	19	1.83	9.1	spring
96	6	2018	4	19	2.13	9.1	spring
97	6	2018	4	19	2.44	9.1	spring
98	6	2018	4	19	2.74	9.4	spring
99	6	2018	4	19	3.05	10.7	spring
100	6	2018	4	19	3.35	12.0	spring
101	6	2018	4	19	3.66	12.7	spring
102	6	2018	4	19	3.96	12.6	spring
103	6	2018	4	19	4.27	12.2	spring
104	6	2018	4	19	4.57	11.7	spring
105	6	2018	4	19	4.88	11.2	spring
106	6	2018	4	19	5.18	10.7	spring
107	7	2018	4	24	0	12.5	spring
108	7	2018	4	24	0.3	12.5	spring
109	7	2018	4	24	0.61	12.4	spring
110	7	2018	4	24	0.91	12.4	spring
111	7	2018	4	24	1.22	12.2	spring
112	7	2018	4	24	1.52	12.3	spring
113	7	2018	4	24	1.83	12.1	spring
114	7	2018	4	24	2.13	12.1	spring
115	7	2018	4	24	2.44	12.1	spring
116	7	2018	4	24	2.74	12.1	spring
117	7	2018	4	24	3.05	12.8	spring
118	7	2018	4	24	3.35	13.7	spring
119	7	2018	4	24	3.66	13.8	spring
120	7	2018	4	24	3.96	13.8	spring
121	7	2018	4	24	4.27	13.7	spring
122	7	2018	4	24	4.57	14.0	spring
123	7	2018	4	24	4.88	14.0	spring
124	8	2018	4	27	0	12.7	spring
125	8	2018	4	27	0.3	13.3	spring
126	8	2018	4	27	0.61	13.2	spring
127	8	2018	4	27	0.91	13.7	spring
128	8	2018	4	27	1.22	15.5	spring
129	8	2018	4	27	1.52	13.8	spring
130	8	2018	4	27	1.83	13.8	spring
131	8	2018	4	27	2.13	13.8	spring
132	8	2018	4	27	2.44	13.7	spring
133	8	2018	4	27	2.74	13.7	spring
134	8	2018	4	27	3.05	14.0	spring
135	8	2018	4	27	3.35	14.5	spring
136	8	2018	4	27	3.66	14.5	spring
137	8	2018	4	27	3.96	14.4	spring
138	8	2018	4	27	4.27	13.8	spring
139	8	2018	4	27	4.57	13.1	spring
140	8	2018	4	27	4.88	12.4	spring
141	8	2018	4	27	5.18	12.2	spring
142	9	2018	5	2	0	14.3	spring
143	9	2018	5	2	0.3	14.3	spring
144	9	2018	5	2	0.61	14.3	spring
145	9	2018	5	2	0.91	14.3	spring
146	9	2018	5	2	1.22	14.3	spring
147	9	2018	5	2	1.52	14.2	spring
148	9	2018	5	2	1.83	14.3	spring
149	9	2018	5	2	2.13	14.3	spring
150	9	2018	5	2	2.44	14.2	spring
151	9	2018	5	2	2.74	14.3	spring
152	9	2018	5	2	3.05	15.4	spring
153	9	2018	5	2	3.35	15.4	spring
154	9	2018	5	2	3.66	15.5	spring
155	9	2018	5	2	3.96	15.6	spring
156	10	2018	5	4	0	15.5	spring
157	10	2018	5	4	0.3	15.5	spring
158	10	2018	5	4	0.61	15.6	spring
159	10	2018	5	4	0.91	15.7	spring
160	10	2018	5	4	1.22	15.7	spring
161	10	2018	5	4	1.52	15.2	spring
162	10	2018	5	4	1.83	15.2	spring
163	10	2018	5	4	2.13	15.2	spring
164	10	2018	5	4	2.44	15.2	spring
165	10	2018	5	4	2.74	15.8	spring
166	10	2018	5	4	3.05	16.2	spring
167	10	2018	5	4	3.35	16.2	spring
168	10	2018	5	4	3.66	15.9	spring
169	10	2018	5	4	3.96	15.6	spring
170	10	2018	5	4	4.27	14.8	spring
171	10	2018	5	4	4.57	14.1	spring
172	10	2018	5	4	4.88	13.4	spring
173	10	2018	5	4	5.18	13.0	spring
174	11	2018	5	7	0	15.8	spring
175	11	2018	5	7	0.3	15.7	spring
176	11	2018	5	7	0.61	15.5	spring
177	11	2018	5	7	0.91	15.5	spring
178	11	2018	5	7	1.22	15.5	spring
179	11	2018	5	7	1.52	15.5	spring
180	11	2018	5	7	1.83	15.6	spring
181	11	2018	5	7	2.13	15.6	spring
182	11	2018	5	7	2.44	15.6	spring
183	11	2018	5	7	2.74	15.9	spring
184	11	2018	5	7	3.05	16.7	spring
185	11	2018	5	7	3.35	16.7	spring
186	11	2018	5	7	3.66	16.4	spring
187	11	2018	5	7	3.96	16.0	spring
188	11	2018	5	7	4.27	15.3	spring
189	11	2018	5	7	4.57	14.6	spring
190	11	2018	5	7	4.88	13.9	spring
191	11	2018	5	7	5.18	13.4	spring
192	12	2018	5	9	0	17.2	spring
193	12	2018	5	9	0.3	17.1	spring
194	12	2018	5	9	0.61	17.1	spring
195	12	2018	5	9	0.91	17.1	spring
196	12	2018	5	9	1.22	17.1	spring
197	12	2018	5	9	1.52	17.0	spring
198	12	2018	5	9	1.83	17.0	spring
199	12	2018	5	9	2.13	17.0	spring
200	12	2018	5	9	2.44	17.0	spring
201	12	2018	5	9	2.74	17.1	spring
202	12	2018	5	9	3.05	17.3	spring
203	12	2018	5	9	3.35	17.3	spring
204	12	2018	5	9	3.66	16.9	spring
205	12	2018	5	9	3.96	16.3	spring
206	12	2018	5	9	4.27	15.8	spring
207	12	2018	5	9	4.57	15.0	spring
208	12	2018	5	9	4.88	14.1	spring
209	12	2018	5	9	5.18	13.3	spring
210	13	2018	5	11	0	18.2	spring
211	13	2018	5	11	0.3	18.1	spring
212	13	2018	5	11	0.61	18.0	spring
213	13	2018	5	11	0.91	17.9	spring
214	13	2018	5	11	1.22	17.8	spring
215	13	2018	5	11	1.52	17.7	spring
216	13	2018	5	11	1.83	17.6	spring
217	13	2018	5	11	2.13	17.6	spring
218	13	2018	5	11	2.44	17.4	spring
219	13	2018	5	11	2.74	17.6	spring
220	13	2018	5	11	3.05	18.1	spring
221	13	2018	5	11	3.35	17.8	spring
222	13	2018	5	11	3.66	17.3	spring
223	13	2018	5	11	3.96	16.7	spring
224	13	2018	5	11	4.27	15.8	spring
225	13	2018	5	11	4.57	14.7	spring
226	14	2018	5	15	0	16.9	spring
227	14	2018	5	15	0.3	16.9	spring
228	14	2018	5	15	0.61	16.9	spring
229	14	2018	5	15	0.91	16.9	spring
230	14	2018	5	15	1.22	16.9	spring
231	14	2018	5	15	1.52	16.9	spring
232	14	2018	5	15	1.83	16.8	spring
233	14	2018	5	15	2.13	16.8	spring
234	14	2018	5	15	2.44	16.8	spring
235	14	2018	5	15	2.74	16.8	spring
236	14	2018	5	15	3.05	18.2	spring
237	14	2018	5	15	3.35	18.4	spring
238	14	2018	5	15	3.66	17.8	spring
239	14	2018	5	15	3.96	16.8	spring
240	14	2018	5	15	4.27	16.0	spring
241	14	2018	5	15	4.57	15.5	spring
242	15	2018	5	19	0	15.5	spring
243	15	2018	5	19	0.3	15.5	spring
244	15	2018	5	19	0.61	15.5	spring
245	15	2018	5	19	0.91	15.5	spring
246	15	2018	5	19	1.22	15.5	spring
247	15	2018	5	19	1.52	15.5	spring
248	15	2018	5	19	1.83	15.6	spring
249	15	2018	5	19	2.13	15.9	spring
250	15	2018	5	19	2.44	16.4	spring
251	15	2018	5	19	2.74	17.1	spring
252	15	2018	5	19	3.05	18.1	spring
253	15	2018	5	19	3.35	18.1	spring
254	15	2018	5	19	3.66	17.9	spring
255	15	2018	5	19	3.96	17.4	spring
256	15	2018	5	19	4.27	16.7	spring
257	15	2018	5	19	4.57	15.9	spring
258	15	2018	5	19	4.88	15.0	spring
259	16	2018	5	21	0	17.5	spring
260	16	2018	5	21	0.3	17.5	spring
261	16	2018	5	21	0.61	17.5	spring
262	16	2018	5	21	0.91	17.5	spring
263	16	2018	5	21	1.22	17.5	spring
264	16	2018	5	21	1.52	17.6	spring
265	16	2018	5	21	1.83	17.5	spring
266	16	2018	5	21	2.13	17.5	spring
267	16	2018	5	21	2.44	17.5	spring
268	16	2018	5	21	2.74	17.6	spring
269	16	2018	5	21	3.05	18.0	spring
270	16	2018	5	21	3.35	18.3	spring
271	16	2018	5	21	3.66	18.1	spring
272	16	2018	5	21	3.96	17.5	spring
273	16	2018	5	21	4.27	16.8	spring
274	16	2018	5	21	4.57	15.8	spring
275	17	2018	5	24	0	18.8	spring
276	17	2018	5	24	0.3	18.7	spring
277	17	2018	5	24	0.61	18.7	spring
278	17	2018	5	24	0.91	18.7	spring
279	17	2018	5	24	1.22	18.7	spring
280	17	2018	5	24	1.52	18.7	spring
281	17	2018	5	24	1.83	18.7	spring
282	17	2018	5	24	2.13	18.5	spring
283	17	2018	5	24	2.44	18.5	spring
284	17	2018	5	24	2.74	18.4	spring
285	17	2018	5	24	3.05	18.5	spring
286	17	2018	5	24	3.35	18.5	spring
287	17	2018	5	24	3.66	18.3	spring
288	17	2018	5	24	3.96	17.6	spring
289	17	2018	5	24	4.27	16.7	spring
290	17	2018	5	24	4.57	15.8	spring
291	17	2018	5	24	4.88	15.0	spring
292	18	2018	5	27	0	17.7	spring
293	18	2018	5	27	0.3	17.7	spring
294	18	2018	5	27	0.61	17.5	spring
295	18	2018	5	27	0.91	17.3	spring
296	18	2018	5	27	1.22	17.3	spring
297	18	2018	5	27	1.52	17.3	spring
298	18	2018	5	27	1.83	17.3	spring
299	18	2018	5	27	2.13	17.3	spring
300	18	2018	5	27	2.44	17.2	spring
301	18	2018	5	27	2.74	18.2	spring
302	18	2018	5	27	3.05	19.0	spring
303	18	2018	5	27	3.35	19.2	spring
304	18	2018	5	27	3.66	18.7	spring
305	18	2018	5	27	3.96	18.0	spring
306	18	2018	5	27	4.27	17.2	spring
307	18	2018	5	27	4.57	16.2	spring
308	18	2018	5	27	4.88	15.2	spring
309	18	2018	5	27	5.18	14.3	spring
310	19	2018	5	30	0	20	spring
311	19	2018	5	30	0.3	20.0	spring
312	19	2018	5	30	0.61	20.0	spring
313	19	2018	5	30	0.91	20.0	spring
314	19	2018	5	30	1.22	19.9	spring
315	19	2018	5	30	1.52	19.8	spring
316	19	2018	5	30	1.83	18.7	spring
317	19	2018	5	30	2.13	18.4	spring
318	19	2018	5	30	2.44	18.2	spring
319	19	2018	5	30	2.74	18.2	spring
320	19	2018	5	30	3.05	19.1	spring
321	19	2018	5	30	3.35	19.3	spring
322	19	2018	5	30	3.66	18.3	spring
323	19	2018	5	30	3.96	18.0	spring
324	19	2018	5	30	4.27	17.3	spring
325	19	2018	5	30	4.57	16.3	spring
326	19	2018	5	30	4.88	15.1	spring
327	20	2018	6	1	0	20.6	spring
328	20	2018	6	1	0.3	21.1	spring
329	20	2018	6	1	0.61	21.1	spring
330	20	2018	6	1	0.91	21.2	spring
331	20	2018	6	1	1.22	21.3	spring
332	20	2018	6	1	1.52	21.1	spring
333	20	2018	6	1	1.83	20.0	spring
334	20	2018	6	1	2.13	19.6	spring
335	20	2018	6	1	2.44	19.4	spring
336	20	2018	6	1	2.74	19.4	spring
337	20	2018	6	1	3.05	19.5	spring
338	20	2018	6	1	3.35	18.9	spring
339	20	2018	6	1	3.66	18.2	spring
340	20	2018	6	1	3.96	17.3	spring
341	20	2018	6	1	4.27	16.5	spring
342	20	2018	6	1	4.57	14.8	spring
343	21	2018	6	5	0	17.5	spring
344	21	2018	6	5	0.3	17.5	spring
345	21	2018	6	5	0.61	17.5	spring
346	21	2018	6	5	0.91	17.5	spring
347	21	2018	6	5	1.22	17.5	spring
348	21	2018	6	5	1.52	17.5	spring
349	21	2018	6	5	1.83	17.5	spring
350	21	2018	6	5	2.13	17.4	spring
351	21	2018	6	5	2.44	17.4	spring
352	21	2018	6	5	2.74	17.5	spring
353	21	2018	6	5	3.05	19.5	spring
354	21	2018	6	5	3.35	19.6	spring
355	21	2018	6	5	3.66	19.2	spring
356	21	2018	6	5	3.96	18.5	spring
357	21	2018	6	5	4.27	17.6	spring
358	21	2018	6	5	4.57	16.4	spring
359	21	2018	6	5	4.88	15.5	spring
360	21	2018	6	5	5.18	14.4	spring
361	22	2018	6	7	0	18.4	spring
362	22	2018	6	7	0.3	18.5	spring
363	22	2018	6	7	0.61	18.5	spring
364	22	2018	6	7	0.91	18.3	spring
365	22	2018	6	7	1.22	18.2	spring
366	22	2018	6	7	1.52	18.3	spring
367	22	2018	6	7	1.83	18.4	spring
368	22	2018	6	7	2.13	18.4	spring
369	22	2018	6	7	2.44	18.4	spring
370	22	2018	6	7	2.74	18.4	spring
371	22	2018	6	7	3.05	19.5	spring
372	22	2018	6	7	3.35	19.9	spring
373	22	2018	6	7	3.66	19.5	spring
374	22	2018	6	7	3.96	18.8	spring
375	22	2018	6	7	4.27	17.7	spring
376	22	2018	6	7	4.57	16.4	spring
377	22	2018	6	7	4.88	15.5	spring
378	23	2018	6	9	0	21.2	spring
379	23	2018	6	9	0.3	21.2	spring
380	23	2018	6	9	0.61	21.1	spring
381	23	2018	6	9	0.91	21.2	spring
382	23	2018	6	9	1.22	21.2	spring
383	23	2018	6	9	1.52	21	spring
384	23	2018	6	9	1.83	20.9	spring
385	23	2018	6	9	2.13	20.7	spring
386	23	2018	6	9	2.44	20.5	spring
387	23	2018	6	9	2.74	20	spring
388	23	2018	6	9	3.05	20.4	spring
389	23	2018	6	9	3.35	20.4	spring
390	23	2018	6	9	3.66	19.9	spring
391	23	2018	6	9	3.96	18.9	spring
392	23	2018	6	9	4.27	17.6	spring
393	23	2018	6	9	4.57	16.6	spring
394	23	2018	6	9	4.88	15.6	spring
395	24	2018	6	11	0	20.5	spring
396	24	2018	6	11	0.3	20.5	spring
397	24	2018	6	11	0.61	20.5	spring
398	24	2018	6	11	0.91	20.4	spring
399	24	2018	6	11	1.22	20.4	spring
400	24	2018	6	11	1.52	20.4	spring
401	24	2018	6	11	1.83	20.4	spring
402	24	2018	6	11	2.13	20.4	spring
403	24	2018	6	11	2.44	20.3	spring
404	24	2018	6	11	2.74	20.2	spring
405	24	2018	6	11	3.05	20.3	spring
406	24	2018	6	11	3.35	20.7	spring
407	24	2018	6	11	3.66	20	spring
408	24	2018	6	11	3.96	19	spring
409	24	2018	6	11	4.27	17.9	spring
410	24	2018	6	11	4.57	16.7	spring
411	24	2018	6	11	4.88	15.5	spring
412	25	2018	6	15	0	20.5	spring
413	25	2018	6	15	0.3	20.5	spring
414	25	2018	6	15	0.61	20.5	spring
415	25	2018	6	15	0.91	20.5	spring
416	25	2018	6	15	1.22	20.5	spring
417	25	2018	6	15	1.52	20.5	spring
418	25	2018	6	15	1.83	20.5	spring
419	25	2018	6	15	2.13	20.5	spring
420	25	2018	6	15	2.44	20.5	spring
421	25	2018	6	15	2.74	20.5	spring
422	25	2018	6	15	3.05	20.5	spring
423	25	2018	6	15	3.35	20.9	spring
424	25	2018	6	15	3.66	20.5	spring
425	25	2018	6	15	3.96	19.5	spring
426	25	2018	6	15	4.27	18.2	spring
427	25	2018	6	15	4.57	16.8	spring
428	25	2018	6	15	4.88	15.5	spring
429	26	2018	6	19	0	22.1	spring
430	26	2018	6	19	0.3	22.1	spring
431	26	2018	6	19	0.61	22	spring
432	26	2018	6	19	0.91	22	spring
433	26	2018	6	19	1.22	22	spring
434	26	2018	6	19	1.52	22	spring
435	26	2018	6	19	1.83	21.9	spring
436	26	2018	6	19	2.13	21.7	spring
437	26	2018	6	19	2.44	21.8	spring
438	26	2018	6	19	2.74	21.5	spring
439	26	2018	6	19	3.05	21.3	spring
440	26	2018	6	19	3.35	20.9	spring
441	26	2018	6	19	3.66	20.5	spring
442	26	2018	6	19	3.96	19.5	spring
443	26	2018	6	19	4.27	18.4	spring
444	26	2018	6	19	4.57	17	spring
445	26	2018	6	19	4.88	15.7	spring
446	26	2018	6	19	5.18	14.7	spring
447	27	2018	6	22	0	24.3	spring
448	27	2018	6	22	0.3	24.3	spring
449	27	2018	6	22	0.61	24.4	spring
450	27	2018	6	22	0.91	24.3	spring
451	27	2018	6	22	1.22	24.3	spring
452	27	2018	6	22	1.52	24.2	spring
453	27	2018	6	22	1.83	23.9	spring
454	27	2018	6	22	2.13	23.6	spring
455	27	2018	6	22	2.44	23.4	spring
456	27	2018	6	22	2.74	22.7	spring
457	27	2018	6	22	3.05	22	spring
458	27	2018	6	22	3.35	21.3	spring
459	27	2018	6	22	3.66	20.7	spring
460	27	2018	6	22	3.96	19.9	spring
461	27	2018	6	22	4.27	18.7	spring
462	27	2018	6	22	4.57	16.9	spring
463	27	2018	6	22	4.88	15.9	spring
464	27	2018	6	22	5.18	14.8	spring
465	28	2018	6	26	0	22.3	spring
466	28	2018	6	26	0.3	22.3	spring
467	28	2018	6	26	0.61	22.3	spring
468	28	2018	6	26	0.91	22.3	spring
469	28	2018	6	26	1.22	22.1	spring
470	28	2018	6	26	1.52	22.1	spring
471	28	2018	6	26	1.83	22.1	spring
472	28	2018	6	26	2.13	22.1	spring
473	28	2018	6	26	2.44	22.1	spring
474	28	2018	6	26	2.74	23.2	spring
475	28	2018	6	26	3.05	22.7	spring
476	28	2018	6	26	3.35	21.8	spring
477	28	2018	6	26	3.66	21	spring
478	28	2018	6	26	3.96	20.1	spring
479	28	2018	6	26	4.27	19	spring
480	28	2018	6	26	4.57	17.3	spring
481	28	2018	6	26	4.88	15.9	spring
482	29	2018	6	29	0	22.4	spring
483	29	2018	6	29	0.3	22.4	spring
484	29	2018	6	29	0.61	22.4	spring
485	29	2018	6	29	0.91	22.4	spring
486	29	2018	6	29	1.22	22.3	spring
487	29	2018	6	29	1.52	22	spring
488	29	2018	6	29	1.83	21.9	spring
489	29	2018	6	29	2.13	21.9	spring
490	29	2018	6	29	2.44	21.9	spring
491	29	2018	6	29	2.74	22.7	spring
492	29	2018	6	29	3.05	22.8	spring
493	29	2018	6	29	3.35	22.2	spring
494	29	2018	6	29	3.66	21.5	spring
495	29	2018	6	29	3.96	20.5	spring
496	29	2018	6	29	4.27	19.4	spring
497	29	2018	6	29	4.57	18	spring
498	29	2018	6	29	4.88	16.6	spring
499	29	2018	6	29	5.18	15.3	spring
500	30	2018	7	3	0	26.9	summer
501	30	2018	7	3	0.3	26.9	summer
502	30	2018	7	3	0.61	26.9	summer
503	30	2018	7	3	0.91	26.9	summer
504	30	2018	7	3	1.22	26.8	summer
505	30	2018	7	3	1.52	26.8	summer
506	30	2018	7	3	1.83	26.7	summer
507	30	2018	7	3	2.13	24.2	summer
508	30	2018	7	3	2.44	23.8	summer
509	30	2018	7	3	2.74	23.5	summer
510	30	2018	7	3	3.05	23	summer
511	30	2018	7	3	3.35	22.5	summer
512	30	2018	7	3	3.66	21.7	summer
513	30	2018	7	3	3.96	20.7	summer
514	30	2018	7	3	4.27	19.6	summer
515	30	2018	7	3	4.57	18	summer
516	30	2018	7	3	4.88	16.2	summer
517	30	2018	7	3	5.18	15	summer
518	31	2018	7	5	0	27.8	summer
519	31	2018	7	5	0.3	27.8	summer
520	31	2018	7	5	0.61	27.8	summer
521	31	2018	7	5	0.91	27.8	summer
522	31	2018	7	5	1.22	27.8	summer
523	31	2018	7	5	1.52	27.8	summer
524	31	2018	7	5	1.83	27.4	summer
525	31	2018	7	5	2.13	25.5	summer
526	31	2018	7	5	2.44	24.4	summer
527	31	2018	7	5	2.74	23.9	summer
528	31	2018	7	5	3.05	23.5	summer
529	31	2018	7	5	3.35	22.7	summer
530	31	2018	7	5	3.66	21.6	summer
531	31	2018	7	5	3.96	20.9	summer
532	31	2018	7	5	4.27	19.6	summer
533	31	2018	7	5	4.57	17.5	summer
534	31	2018	7	5	4.88	16	summer
535	31	2018	7	5	5.18	15.5	summer
536	32	2018	7	9	0	25	summer
537	32	2018	7	9	0.3	25	summer
538	32	2018	7	9	0.61	25	summer
539	32	2018	7	9	0.91	25	summer
540	32	2018	7	9	1.22	25	summer
541	32	2018	7	9	1.52	25	summer
542	32	2018	7	9	1.83	25	summer
543	32	2018	7	9	2.13	25	summer
544	32	2018	7	9	2.44	25	summer
545	32	2018	7	9	2.74	24.8	summer
546	32	2018	7	9	3.05	24.1	summer
547	32	2018	7	9	3.35	23.1	summer
548	32	2018	7	9	3.66	22.2	summer
549	32	2018	7	9	3.96	21.1	summer
550	32	2018	7	9	4.27	19.5	summer
551	33	2018	7	12	0	24.5	summer
552	33	2018	7	12	0.3	24.4	summer
553	33	2018	7	12	0.61	24.4	summer
554	33	2018	7	12	0.91	24.4	summer
555	33	2018	7	12	1.22	24.3	summer
556	33	2018	7	12	1.52	24	summer
557	33	2018	7	12	1.83	24.2	summer
558	33	2018	7	12	2.13	24.2	summer
559	33	2018	7	12	2.44	24.9	summer
560	33	2018	7	12	2.74	24.9	summer
561	33	2018	7	12	3.05	24.3	summer
562	33	2018	7	12	3.35	23.5	summer
563	33	2018	7	12	3.66	22.5	summer
564	33	2018	7	12	3.96	21.6	summer
565	33	2018	7	12	4.27	20.4	summer
566	33	2018	7	12	4.57	18.4	summer
567	33	2018	7	12	4.88	16.7	summer
568	34	2018	7	16	0	26.2	summer
569	34	2018	7	16	0.3	26.2	summer
570	34	2018	7	16	0.61	26.3	summer
571	34	2018	7	16	0.91	26.2	summer
572	34	2018	7	16	1.22	26	summer
573	34	2018	7	16	1.52	25.7	summer
574	34	2018	7	16	1.83	26.3	summer
575	34	2018	7	16	2.13	26.3	summer
576	34	2018	7	16	2.44	25.9	summer
577	34	2018	7	16	2.74	25.1	summer
578	34	2018	7	16	3.05	24.5	summer
579	34	2018	7	16	3.35	24.2	summer
580	34	2018	7	16	3.66	23.1	summer
581	34	2018	7	16	3.96	22.4	summer
582	34	2018	7	16	4.27	21.2	summer
583	34	2018	7	16	4.57	19	summer
584	34	2018	7	16	4.88	16.9	summer
585	35	2018	7	19	0	25.8	summer
586	35	2018	7	19	0.3	25.8	summer
587	35	2018	7	19	0.61	25.8	summer
588	35	2018	7	19	0.91	25.8	summer
589	35	2018	7	19	1.22	25.8	summer
590	35	2018	7	19	1.52	26.9	summer
591	35	2018	7	19	1.83	27.4	summer
592	35	2018	7	19	2.13	27.5	summer
593	35	2018	7	19	2.44	26.6	summer
594	35	2018	7	19	2.74	25.7	summer
595	35	2018	7	19	3.05	25.2	summer
596	35	2018	7	19	3.35	24.3	summer
597	35	2018	7	19	3.66	23.7	summer
598	35	2018	7	19	3.96	22.9	summer
599	35	2018	7	19	4.27	21.1	summer
600	35	2018	7	19	4.57	18.9	summer
601	35	2018	7	19	4.88	17.2	summer
602	35	2018	7	19	5.18	15.9	summer
603	36	2018	7	24	0	26.2	summer
604	36	2018	7	24	0.3	26.2	summer
605	36	2018	7	24	0.61	26.2	summer
606	36	2018	7	24	0.91	26.1	summer
607	36	2018	7	24	1.22	26.1	summer
608	36	2018	7	24	1.52	26.1	summer
609	36	2018	7	24	1.83	26	summer
610	36	2018	7	24	2.13	26.8	summer
611	36	2018	7	24	2.44	27.5	summer
612	36	2018	7	24	2.74	26.9	summer
613	36	2018	7	24	3.05	26	summer
614	36	2018	7	24	3.35	25	summer
615	36	2018	7	24	3.66	24.3	summer
616	36	2018	7	24	3.96	23.2	summer
617	36	2018	7	24	4.27	21.9	summer
618	36	2018	7	24	4.57	19.4	summer
619	36	2018	7	24	4.88	17.6	summer
620	37	2018	7	27	0	25.5	summer
621	37	2018	7	27	0.3	25.6	summer
622	37	2018	7	27	0.61	26	summer
623	37	2018	7	27	0.91	26	summer
624	37	2018	7	27	1.22	26	summer
625	37	2018	7	27	1.52	26	summer
626	37	2018	7	27	1.83	26	summer
627	37	2018	7	27	2.13	26.8	summer
628	37	2018	7	27	2.44	27.4	summer
629	37	2018	7	27	2.74	27.4	summer
630	37	2018	7	27	3.05	26.7	summer
631	37	2018	7	27	3.35	25.5	summer
632	37	2018	7	27	3.66	24.6	summer
633	37	2018	7	27	3.96	23	summer
634	37	2018	7	27	4.27	21.7	summer
635	37	2018	7	27	4.57	19.6	summer
636	37	2018	7	27	4.88	17.7	summer
637	37	2018	7	27	5.18	16.4	summer
638	38	2018	7	30	0	27.1	summer
639	38	2018	7	30	0.3	27.1	summer
640	38	2018	7	30	0.61	26.9	summer
641	38	2018	7	30	0.91	26.8	summer
642	38	2018	7	30	1.22	26.4	summer
643	38	2018	7	30	1.52	26.5	summer
644	38	2018	7	30	1.83	26.5	summer
645	38	2018	7	30	2.13	27.2	summer
646	38	2018	7	30	2.44	27.6	summer
647	38	2018	7	30	2.74	27.5	summer
648	38	2018	7	30	3.05	27	summer
649	38	2018	7	30	3.35	26	summer
650	38	2018	7	30	3.66	25.1	summer
651	38	2018	7	30	3.96	23.6	summer
652	38	2018	7	30	4.27	22.1	summer
653	38	2018	7	30	4.57	19.9	summer
654	38	2018	7	30	4.88	18.3	summer
655	39	2018	8	6	0	28.1	summer
656	39	2018	8	6	0.3	28	summer
657	39	2018	8	6	0.61	28	summer
658	39	2018	8	6	0.91	28.1	summer
659	39	2018	8	6	1.22	28.1	summer
660	39	2018	8	6	1.52	28.1	summer
661	39	2018	8	6	1.83	28	summer
662	39	2018	8	6	2.13	27.9	summer
663	39	2018	8	6	2.44	27.5	summer
664	39	2018	8	6	2.74	27.8	summer
665	39	2018	8	6	3.05	27.4	summer
666	39	2018	8	6	3.35	26.6	summer
667	39	2018	8	6	3.66	25.6	summer
668	39	2018	8	6	3.96	24.6	summer
669	39	2018	8	6	4.27	22.6	summer
670	39	2018	8	6	4.57	20.3	summer
671	39	2018	8	6	4.88	18.4	summer
672	39	2018	8	6	5.18	17	summer
673	40	2018	8	9	0	29.2	summer
674	40	2018	8	9	0.3	29.2	summer
675	40	2018	8	9	0.61	29.2	summer
676	40	2018	8	9	0.91	29.2	summer
677	40	2018	8	9	1.22	29.2	summer
678	40	2018	8	9	1.52	29.2	summer
679	40	2018	8	9	1.83	29.2	summer
680	40	2018	8	9	2.13	28.6	summer
681	40	2018	8	9	2.44	28.3	summer
682	40	2018	8	9	2.74	27.8	summer
683	40	2018	8	9	3.05	27.5	summer
684	40	2018	8	9	3.35	26.8	summer
685	40	2018	8	9	3.66	25.9	summer
686	40	2018	8	9	3.96	24.6	summer
687	40	2018	8	9	4.27	22.7	summer
688	40	2018	8	9	4.57	20.6	summer
689	40	2018	8	9	4.88	18.6	summer
690	40	2018	8	9	5.18	16.9	summer
691	41	2018	8	13	0	26.1	summer
692	41	2018	8	13	0.3	26.2	summer
693	41	2018	8	13	0.61	26.2	summer
694	41	2018	8	13	0.91	26.7	summer
695	41	2018	8	13	1.22	27.5	summer
696	41	2018	8	13	1.52	27.8	summer
697	41	2018	8	13	1.83	28.3	summer
698	41	2018	8	13	2.13	28	summer
699	41	2018	8	13	2.44	27.5	summer
700	41	2018	8	13	2.74	27.2	summer
701	41	2018	8	13	3.05	26.9	summer
702	41	2018	8	13	3.35	26.2	summer
703	41	2018	8	13	3.66	25.8	summer
704	41	2018	8	13	3.96	24.7	summer
705	41	2018	8	13	4.27	23.3	summer
706	41	2018	8	13	4.57	21	summer
707	41	2018	8	13	4.88	18.5	summer
708	41	2018	8	13	5.18	17.8	summer
709	42	2018	8	16	0	27.5	summer
710	42	2018	8	16	0.3	27.4	summer
711	42	2018	8	16	0.61	27.3	summer
712	42	2018	8	16	0.91	27.1	summer
713	42	2018	8	16	1.22	28.1	summer
714	42	2018	8	16	1.52	28.3	summer
715	42	2018	8	16	1.83	28.3	summer
716	42	2018	8	16	2.13	28	summer
717	42	2018	8	16	2.44	27.7	summer
718	42	2018	8	16	2.74	27.3	summer
719	42	2018	8	16	3.05	26.7	summer
720	42	2018	8	16	3.35	26.1	summer
721	42	2018	8	16	3.66	25.4	summer
722	42	2018	8	16	3.96	24.3	summer
723	42	2018	8	16	4.27	22.6	summer
724	42	2018	8	16	4.57	20.5	summer
725	42	2018	8	16	4.88	18.5	summer
726	42	2018	8	16	5.18	17.2	summer
727	43	2018	8	20	0	23.9	summer
728	43	2018	8	20	0.3	23.9	summer
729	43	2018	8	20	0.61	23.9	summer
730	43	2018	8	20	0.91	23.9	summer
731	43	2018	8	20	1.22	24.6	summer
732	43	2018	8	20	1.52	26.7	summer
733	43	2018	8	20	1.83	28.1	summer
734	43	2018	8	20	2.13	28.1	summer
735	43	2018	8	20	2.44	27.8	summer
736	43	2018	8	20	2.74	27.3	summer
737	43	2018	8	20	3.05	26.6	summer
738	43	2018	8	20	3.35	26.1	summer
739	43	2018	8	20	3.66	25.6	summer
740	43	2018	8	20	3.96	23.7	summer
741	43	2018	8	20	4.27	22.1	summer
742	43	2018	8	20	4.57	21.2	summer
743	43	2018	8	20	4.88	18.6	summer
744	43	2018	8	20	5.18	17.3	summer
745	44	2018	8	23	0	23.8	summer
746	44	2018	8	23	0.3	23.8	summer
747	44	2018	8	23	0.61	23.8	summer
748	44	2018	8	23	0.91	23.8	summer
749	44	2018	8	23	1.22	23.8	summer
750	44	2018	8	23	1.52	23.8	summer
751	44	2018	8	23	1.83	23.8	summer
752	44	2018	8	23	2.13	26.9	summer
753	44	2018	8	23	2.44	27.6	summer
754	44	2018	8	23	2.74	27.4	summer
755	44	2018	8	23	3.05	26.7	summer
756	44	2018	8	23	3.35	25.9	summer
757	44	2018	8	23	3.66	25	summer
758	44	2018	8	23	3.96	24	summer
759	44	2018	8	23	4.27	22.5	summer
760	44	2018	8	23	4.57	20.8	summer
761	44	2018	8	23	4.88	19.2	summer
762	44	2018	8	23	5.18	17.9	summer
763	45	2018	8	29	0	27.1	summer
764	45	2018	8	29	0.3	27.1	summer
765	45	2018	8	29	0.61	27.1	summer
766	45	2018	8	29	0.91	27.1	summer
767	45	2018	8	29	1.22	27.1	summer
768	45	2018	8	29	1.52	27.1	summer
769	45	2018	8	29	1.83	27.1	summer
770	45	2018	8	29	2.13	26.7	summer
771	45	2018	8	29	2.44	27.1	summer
772	45	2018	8	29	2.74	27.1	summer
773	45	2018	8	29	3.05	26.5	summer
774	45	2018	8	29	3.35	25.6	summer
775	45	2018	8	29	3.66	24.5	summer
776	45	2018	8	29	3.96	23.2	summer
777	45	2018	8	29	4.27	21.9	summer
778	45	2018	8	29	4.57	20.2	summer
779	45	2018	8	29	4.88	18.7	summer
780	45	2018	8	29	5.18	17.6	summer
781	46	2018	8	31	0	26.4	summer
782	46	2018	8	31	0.3	26.4	summer
783	46	2018	8	31	0.61	26.4	summer
784	46	2018	8	31	0.91	26.4	summer
785	46	2018	8	31	1.22	26.4	summer
786	46	2018	8	31	1.52	26.5	summer
787	46	2018	8	31	1.83	26.7	summer
788	46	2018	8	31	2.13	27.3	summer
789	46	2018	8	31	2.44	27.2	summer
790	46	2018	8	31	2.74	27	summer
791	46	2018	8	31	3.05	26.2	summer
792	46	2018	8	31	3.35	25.5	summer
793	46	2018	8	31	3.66	24.4	summer
794	46	2018	8	31	3.96	23.3	summer
795	46	2018	8	31	4.27	22	summer
796	46	2018	8	31	4.57	20.4	summer
797	47	2018	9	4	0	26.8	fall
798	47	2018	9	4	0.3	26.7	fall
799	47	2018	9	4	0.61	26.3	fall
800	47	2018	9	4	0.91	26	fall
801	47	2018	9	4	1.22	25.8	fall
802	47	2018	9	4	1.52	25.6	fall
803	47	2018	9	4	1.83	25.5	fall
804	47	2018	9	4	2.13	25.8	fall
805	47	2018	9	4	2.44	26.7	fall
806	47	2018	9	4	2.74	26.7	fall
807	47	2018	9	4	3.05	26.2	fall
808	47	2018	9	4	3.35	25.6	fall
809	47	2018	9	4	3.66	24.5	fall
810	47	2018	9	4	3.96	23.3	fall
811	47	2018	9	4	4.27	22	fall
812	47	2018	9	4	4.57	20.7	fall
813	47	2018	9	4	4.88	18.8	fall
814	47	2018	9	4	5.18	18	fall
815	48	2018	9	7	0	26	fall
816	48	2018	9	7	0.3	26	fall
817	48	2018	9	7	0.61	26	fall
818	48	2018	9	7	0.91	26	fall
819	48	2018	9	7	1.22	26.1	fall
820	48	2018	9	7	1.52	26.1	fall
821	48	2018	9	7	1.83	26.1	fall
822	48	2018	9	7	2.13	26.4	fall
823	48	2018	9	7	2.44	26.4	fall
824	48	2018	9	7	2.74	26.2	fall
825	48	2018	9	7	3.05	25.9	fall
826	48	2018	9	7	3.35	25.3	fall
827	48	2018	9	7	3.66	24.2	fall
828	48	2018	9	7	3.96	23.1	fall
829	48	2018	9	7	4.27	21.9	fall
830	48	2018	9	7	4.57	20.5	fall
831	48	2018	9	7	4.88	19.3	fall
832	48	2018	9	7	5.18	18.1	fall
833	49	2018	9	12	0	23.1	fall
834	49	2018	9	12	0.3	23	fall
835	49	2018	9	12	0.61	22.9	fall
836	49	2018	9	12	0.91	22.7	fall
837	49	2018	9	12	1.22	22.4	fall
838	49	2018	9	12	1.52	22	fall
839	49	2018	9	12	1.83	21.6	fall
840	49	2018	9	12	2.13	21.6	fall
841	49	2018	9	12	2.44	22.3	fall
842	49	2018	9	12	2.74	23	fall
843	49	2018	9	12	3.05	23.4	fall
844	49	2018	9	12	3.35	23.3	fall
845	49	2018	9	12	3.66	23.1	fall
846	49	2018	9	12	3.96	22.2	fall
847	49	2018	9	12	4.27	21.5	fall
848	49	2018	9	12	4.57	20.6	fall
849	49	2018	9	12	4.88	19.6	fall
850	49	2018	9	12	5.18	18.4	fall
851	50	2018	9	14	0	22.3	fall
852	50	2018	9	14	0.3	22.3	fall
853	50	2018	9	14	0.61	22.3	fall
854	50	2018	9	14	0.91	22.2	fall
855	50	2018	9	14	1.22	22.2	fall
856	50	2018	9	14	1.52	22.3	fall
857	50	2018	9	14	1.83	22.3	fall
858	50	2018	9	14	2.13	22.2	fall
859	50	2018	9	14	2.44	22.4	fall
860	50	2018	9	14	2.74	22.9	fall
861	50	2018	9	14	3.05	23.3	fall
862	50	2018	9	14	3.35	23.3	fall
863	50	2018	9	14	3.66	22.9	fall
864	50	2018	9	14	3.96	22.4	fall
865	50	2018	9	14	4.27	21.5	fall
866	50	2018	9	14	4.57	20.5	fall
867	50	2018	9	14	4.88	19.5	fall
868	50	2018	9	14	5.18	18.4	fall
869	51	2018	9	17	0	24.5	fall
870	51	2018	9	17	0.3	24.5	fall
871	51	2018	9	17	0.61	24.5	fall
872	51	2018	9	17	0.91	24.4	fall
873	51	2018	9	17	1.22	24.3	fall
874	51	2018	9	17	1.52	24.3	fall
875	51	2018	9	17	1.83	23.9	fall
876	51	2018	9	17	2.13	23.1	fall
877	51	2018	9	17	2.44	22.8	fall
878	51	2018	9	17	2.74	23	fall
879	51	2018	9	17	3.05	23.1	fall
880	51	2018	9	17	3.35	23.2	fall
881	51	2018	9	17	3.66	22.7	fall
882	51	2018	9	17	3.96	22.1	fall
883	51	2018	9	17	4.27	21.5	fall
884	51	2018	9	17	4.57	20.6	fall
885	51	2018	9	17	4.88	19.6	fall
886	51	2018	9	17	5.18	18.8	fall
887	52	2018	9	20	0	22.3	fall
888	52	2018	9	20	0.3	22.3	fall
889	52	2018	9	20	0.61	22.2	fall
890	52	2018	9	20	0.91	21.9	fall
891	52	2018	9	20	1.22	21.8	fall
892	52	2018	9	20	1.52	21.7	fall
893	52	2018	9	20	1.83	21.9	fall
894	52	2018	9	20	2.13	22.3	fall
895	52	2018	9	20	2.44	22.4	fall
896	52	2018	9	20	2.74	23.1	fall
897	52	2018	9	20	3.05	23.1	fall
898	52	2018	9	20	3.35	23	fall
899	52	2018	9	20	3.66	22.6	fall
900	52	2018	9	20	3.96	22.2	fall
901	52	2018	9	20	4.27	21.3	fall
902	52	2018	9	20	4.57	20.5	fall
903	52	2018	9	20	4.88	19.5	fall
904	52	2018	9	20	5.18	18.6	fall
905	53	2018	9	25	0	20	fall
906	53	2018	9	25	0.3	20	fall
907	53	2018	9	25	0.61	20	fall
908	53	2018	9	25	0.91	20	fall
909	53	2018	9	25	1.22	20.1	fall
910	53	2018	9	25	1.52	20.1	fall
911	53	2018	9	25	1.83	20.1	fall
912	53	2018	9	25	2.13	20.2	fall
913	53	2018	9	25	2.44	21	fall
914	53	2018	9	25	2.74	21.3	fall
915	53	2018	9	25	3.05	22.3	fall
916	53	2018	9	25	3.35	22.7	fall
917	53	2018	9	25	3.66	22.5	fall
918	53	2018	9	25	3.96	22	fall
919	53	2018	9	25	4.27	21.4	fall
920	53	2018	9	25	4.57	20.6	fall
921	53	2018	9	25	4.88	19.5	fall
922	53	2018	9	25	5.18	18.4	fall
923	54	2018	9	28	0	20	fall
924	54	2018	9	28	0.3	20.2	fall
925	54	2018	9	28	0.61	20.2	fall
926	54	2018	9	28	0.91	20.3	fall
927	54	2018	9	28	1.22	20.3	fall
928	54	2018	9	28	1.52	20.3	fall
929	54	2018	9	28	1.83	20.2	fall
930	54	2018	9	28	2.13	20.1	fall
931	54	2018	9	28	2.44	20	fall
932	54	2018	9	28	2.74	20	fall
933	54	2018	9	28	3.05	19.9	fall
934	54	2018	9	28	3.35	20.5	fall
935	54	2018	9	28	3.66	21	fall
936	54	2018	9	28	3.96	21.3	fall
937	54	2018	9	28	4.27	21	fall
938	54	2018	9	28	4.57	20.4	fall
939	54	2018	9	28	4.88	19.4	fall
940	54	2018	9	28	5.18	18.6	fall
941	55	2018	10	1	0	19.8	fall
942	55	2018	10	1	0.3	19.8	fall
943	55	2018	10	1	0.61	19.8	fall
944	55	2018	10	1	0.91	19.8	fall
945	55	2018	10	1	1.22	19.7	fall
946	55	2018	10	1	1.52	19.7	fall
947	55	2018	10	1	1.83	19.7	fall
948	55	2018	10	1	2.13	19.7	fall
949	55	2018	10	1	2.44	19.6	fall
950	55	2018	10	1	2.74	19.7	fall
951	55	2018	10	1	3.05	19.7	fall
952	55	2018	10	1	3.35	20.2	fall
953	55	2018	10	1	3.66	20.8	fall
954	55	2018	10	1	3.96	21.1	fall
955	55	2018	10	1	4.27	20.9	fall
956	55	2018	10	1	4.57	20.4	fall
957	55	2018	10	1	4.88	19.4	fall
958	55	2018	10	1	5.18	18.5	fall
959	56	2018	10	3	0	19.8	fall
960	56	2018	10	3	0.3	19.8	fall
961	56	2018	10	3	0.61	19.8	fall
962	56	2018	10	3	0.91	19.8	fall
963	56	2018	10	3	1.22	19.7	fall
964	56	2018	10	3	1.52	19.7	fall
965	56	2018	10	3	1.83	19.7	fall
966	56	2018	10	3	2.13	19.7	fall
967	56	2018	10	3	2.44	19.7	fall
968	56	2018	10	3	2.74	19.8	fall
969	56	2018	10	3	3.05	19.8	fall
970	56	2018	10	3	3.35	20.3	fall
971	56	2018	10	3	3.66	20.8	fall
972	56	2018	10	3	3.96	20.9	fall
973	56	2018	10	3	4.27	20.6	fall
974	56	2018	10	3	4.57	20.1	fall
975	56	2018	10	3	4.88	19.1	fall
976	56	2018	10	3	5.18	18.4	fall
977	57	2018	10	8	0	18.9	fall
978	57	2018	10	8	0.3	18.9	fall
979	57	2018	10	8	0.61	18.9	fall
980	57	2018	10	8	0.91	18.9	fall
981	57	2018	10	8	1.22	18.9	fall
982	57	2018	10	8	1.52	19.2	fall
983	57	2018	10	8	1.83	19.2	fall
984	57	2018	10	8	2.13	19.3	fall
985	57	2018	10	8	2.44	19.5	fall
986	57	2018	10	8	2.74	19.6	fall
987	57	2018	10	8	3.05	19.8	fall
988	57	2018	10	8	3.35	20	fall
989	57	2018	10	8	3.66	20.4	fall
990	57	2018	10	8	3.96	20.6	fall
991	57	2018	10	8	4.27	20.1	fall
992	57	2018	10	8	4.57	19.6	fall
993	57	2018	10	8	4.88	19.1	fall
994	57	2018	10	8	5.18	18.8	fall
995	58	2018	10	10	0	19.8	fall
996	58	2018	10	10	0.3	19.8	fall
997	58	2018	10	10	0.61	19.8	fall
998	58	2018	10	10	0.91	19.8	fall
999	58	2018	10	10	1.22	19.7	fall
1000	58	2018	10	10	1.52	19.8	fall
1001	58	2018	10	10	1.83	19.5	fall
1002	58	2018	10	10	2.13	19.4	fall
1003	58	2018	10	10	2.44	19.4	fall
1004	58	2018	10	10	2.74	19.7	fall
1005	58	2018	10	10	3.05	19.9	fall
1006	58	2018	10	10	3.35	20.2	fall
1007	58	2018	10	10	3.66	20.2	fall
1008	58	2018	10	10	3.96	20.2	fall
1009	58	2018	10	10	4.27	19.8	fall
1010	58	2018	10	10	4.57	19.4	fall
1011	58	2018	10	10	4.88	18.8	fall
1012	58	2018	10	10	5.18	18	fall