	bio_1	bio_2	bio_3	bio_4	bio_5	bio_6	bio_7	bio_8
1	27	17.5	34					2.856
2								2.605
3	21	20	33					1.949
4	26	17	34					1.594
5	29	20	34					1.23
6	23	15	34					1.118
7	24	17	34					0.83
8	23	17.5	34					0.609
9		19	33					0.46
10	23.5	18.3		0.857251761	2.337330274	0.069182486	0.625133203	0.52
11	26.5	13.5	34	0.45992612	2.53344865	0.09660993	0.57640175	0.609
12	28.3	11	34	0.18212627	6.61638308		1.21387498	1.016
13	25.5			0.86768967	7.05001699	0.33053471	2.40520795	1.601
14	28.5	13.5	34	0.69743456	6.32002733	0.19483969	2.94348612	1.941
15	23.5	11	34	0.75950658	5.57384693	0.20614744	1.79758424	2.479
16	26.5	11	34	0.37917359	4.44770123	0.24337135	1.75748877	2.899
17	26.5	12.8	34		4.10791588			3.13
18	25.5	13.8		0.21565437	3.99431553	0.10142842	0.31993432	2.477
19	20.8	15.8		0.26956796	3.99431553		1.42315613	2.153
20	24.3	18	34	0.86120177	2.79666094		0.90450944	1.375
21	21.5	19.8		0.663421426	2.891279198	0.106077048	0.346832485	1.36
22	23	18.5	34	1.39859995	2.11237865		0.63125864	0.302
23	26.8	18	34	0.60610945	4.21971346			0.3
24	21.5	17.8	34	0.13728068	4.57914812		1.47610915	0.166
25	30.5	14.5	34	0.13651523	4.99604763	0.16272107	2.41098874	0.533
26	21.5	16.5	34	0.52505727	3.45161568		5.10852963	1.104
27	25.5	18.8	34	0.14743555	2.76116774			1.851
28	20.3	19.3	34	0.65253609	3.88623984	0.07189082	6.67253515	2.456
29	19.5	18.8	34	0.07227133	4.24216682		7.36478308	2.813
30			34		3.02969798		1.24992589	2.996
31	17.8		34	0.27492393	4.21989787	0.05520231		2.847
32			32	0.47109591	5.21808205	0.28624272	1.72108027	2.833
33	23	17.8	34	0.22274232	7.12065515	0.2551114	3.91188988	1.848
34	21.3	17.8	34		8.44858475		1.24735746	1.601
35	23	18	34		7.18331736	0.07581914	0.88218234	1.54
36	28.9	18.6	34	0.3042622	9.6138788	0.16589333	5.33803892	1.34
37	28.3	20	34		8.70254607	0.08373814	2.35319588	0.92
38	31.8	20	34	0.40162698	8.29204861	0.15707403	1.63700583	0.816
39	27.5	20		0.67201408	8.38006167		1.26698903	0.707
40	31	20.8	34	0.47165878	6.42046635	0.17623048	2.14191335	0.749
41	24.8	16.8	34	0.57099117	8.13923172	0.1207861	0.78493458	1.556
42	22.8	16	34	1.3294906	9.55889026	0.22767358	2.85282762	2.279
43	24.5	15.3	34		9.81178629			2.988
44	22.3	15.3		0.22017042	7.85634114	0.2110399	2.07571329	3.232
45	24.5	14	35	0.44662338	9.79259867	0.4957588	6.28316885	3.544
46	22	16	34		3.62048097			3.225
47	18.3	14.5	34	0.13557029	9.17461814	0.20596462	11.97060512	2.311
48	18.3	16	34		2.1538272		1.26792339	0.717
49	21.3	16.2	34	0.20511208	5.66787229		8.75177184	0.43
50	21.3	16.2	34	0.20511208	5.66787229		8.75177184	0.43
51	19.7	15.4	35	1.41213507	8.60383916	0.21881931	1.64276403	1.021
52	15.8	15		0.645455514	8.220016333	0.188656596	3.358025986	1.842
53	18.4	16.5	34	0.084449949	4.182439674	0.102966376	3.360362375	1.776
54	19.3	16	34	0.516553675	5.138416332	0.116435804	0.92503873	2.504
55	17	16.5	34		2.47836526			2.902
56	16.8	16.3	35		4.55118337		0.80323694	2.907
57	24.5	16.1	34	0.12065417	5.68874843		0.9802817	2.61
58	21.8	16.8	34	0.10839159	5.75379553	0.2120795	2.4233697	2.512
59	23	15.8	35	0.103145444	3.432459875	0.081593557	0.369492772	2.636
60	24.5	15.4	34		388.553.437	0.1362162	1.380.458.067	2.506
61	19.5	15.6	34		368.516.943		0.39649923	1.56
62	16	16.1	34		192.760.767		0.64420558	1.417
63	23.5	16.1	34		308.472.192	0.06192189	0.2512548	1.629
64	23.4	15.8		0.64088392	314.520.666	0.08225597	0.20502392	0.859
65	20.5	16.6	34		491.676.702		398.961.658	0.7
66	24	13.6	34		929.448.892	0.35865647	479.394.157	0.767
67	16.5	15	37	0.45541467	747.316.924		340.940.811	0.687
68	12.8	14.8	35		560.788.915	0.22233358	194.980.151	1.902
69	13.3	14.2	34		335.568.200			2.096
70								
71	15	15	34	0.59246255	473.112.511	0.29340584	335.872.437	3.596
72	12	14.8	34	0.34422829	425.226.139	0.06827934	107.608.610	3.427
73	16	14.9	35	0.56071625	460.514.160		0.77871442	2.764
74	15	15	34	0.21646576	747.205.437	0.37307113	403.130.774	1.998
75	15.7	15	34	0.26956796	568.920.077		0.62883643	2.221
76								
77	13	14.3	34	101.936.349	1.096.390.997	0.56482964	2.238.246.012	0.855
78	13.5	14.2	34	0.50139971	802.320.554	0.32011347	643.173.978	0.605
79	15	14	34	0.72139918	682.555.397	0.32735032	224.926.414	0.872
80								
81	11.7	13	34	0.27584549	1.026.670.677	0.46426078	400.626.666	1.505
82	12.8	13.1	34	0.61959417	925.552.032	0.42029521	342.771.250	1.673
83	10	11.8	35	113.919.458	1.403.286.008	0.67735015	653.670.004	2.665
84	9	11.5	34		928.442.401	0.24797953	193.721.117	2.778
85	13.7	12.2	34	0.31245337	669.121.430		149.546.708	2.946
86	13.5	12	34	0.44648775	786.365.667		157.456.749	3.232
87	9.5	11.3	34	0.34300256	697.263.111		140.486.230	3.022
88	8.7	11.2	35	0.34792908	840.643.114	0.31871464	368.415.534	2.655
89	27	17.5	34					2.856
90								2.605
91	21	20	33					1.949
92	26	17	34					1.594
93	29	20	34					1.23
94	23	15	34					1.118
95	24	17	34					0.83
96		19	33					0.46
97	23.5	18.3		0.857251761	2.337330274	0.069182486	0.625133203	0.52
98	26.5	13.5	34	0.45992612	2.53344865	0.09660993	0.57640175	0.609
99	28.3	11	34	0.18212627	6.61638308		1.21387498	1.016
100	25.5			0.86768967	7.05001699	0.33053471	2.40520795	1.601
101	28.5	13.5	34	0.69743456	6.32002733	0.19483969	2.94348612	1.941
102	23.5	11	34	0.75950658	5.57384693	0.20614744	1.79758424	2.479
103	26.5	11	34	0.37917359	4.44770123	0.24337135	1.75748877	2.899
104	26.5	12.8	34		4.10791588			3.13
105	25.5	13.8		0.21565437	3.99431553	0.10142842	0.31993432	2.477
106	20.8	15.8		0.26956796	3.99431553		1.42315613	2.153
107	24.3	18	34	0.86120177	2.79666094		0.90450944	1.375
108	21.5	19.8		0.663421426	2.891279198	0.106077048	0.346832485	1.36
109	23	18.5	34	1.39859995	2.11237865		0.63125864	0.302
110	26.8	18	34	0.60610945	4.21971346			0.3
111	21.5	17.8	34	0.13728068	4.57914812		1.47610915	0.166
112	30.5	14.5	34	0.13651523	4.99604763	0.16272107	2.41098874	0.533
113	21.5	16.5	34	0.52505727	3.45161568		5.10852963	1.104
114	25.5	18.8	34	0.14743555	2.76116774			1.851
115	20.3	19.3	34	0.65253609	3.88623984	0.07189082	6.67253515	2.456
116	19.5	18.8	34	0.07227133	4.24216682		7.36478308	2.813
117			34		3.02969798		1.24992589	2.996
118	17.8		34	0.27492393	4.21989787	0.05520231		2.847
119			32	0.47109591	5.21808205	0.28624272	1.72108027	2.833
120	23	17.8	34	0.22274232	7.12065515	0.2551114	3.91188988	1.848
121	21.3	17.8	34		8.44858475		1.24735746	1.601
122	23	18	34		7.18331736	0.07581914	0.88218234	1.54
123	28.9	18.6	34	0.3042622	9.6138788	0.16589333	5.33803892	1.34
124	31.8	20	34	0.40162698	8.29204861	0.15707403	1.63700583	0.816
125	27.5	20		0.67201408	8.38006167		1.26698903	0.707
126	31	20.8	34	0.47165878	6.42046635	0.17623048	2.14191335	0.749
127	24.8	16.8	34	0.57099117	8.13923172	0.1207861	0.78493458	1.556
128	22.8	16	34	1.3294906	9.55889026	0.22767358	2.85282762	2.279
129	24.5	15.3	34		9.81178629			2.988
130	22.3	15.3		0.22017042	7.85634114	0.2110399	2.07571329	3.232
131	24.5	14	35	0.44662338	9.79259867	0.4957588	6.28316885	3.544
132	22	16	34		3.62048097			3.225
133	18.3	14.5	34	0.13557029	9.17461814	0.20596462	11.97060512	2.311
134	16.6	15.3	34	0.73863394	4.09706819		2.22328082	0.908
135	18.3	16	34		2.1538272		1.26792339	0.717
136	21.3	16.2	34	0.20511208	5.66787229		8.75177184	0.43
137	21.3	16.2	34	0.20511208	5.66787229		8.75177184	0.43
138	19.7	15.4	35	1.41213507	8.60383916	0.21881931	1.64276403	1.021
139	15.8	15		0.645455514	8.220016333	0.188656596	3.358025986	1.842
140	18.4	16.5	34	0.084449949	4.182439674	0.102966376	3.360362375	1.776
141	19.3	16	34	0.516553675	5.138416332	0.116435804	0.92503873	2.504
142	17	16.5	34		2.47836526			2.902
143	16.8	16.3	35		4.55118337		0.80323694	2.907
144	24.5	16.1	34	0.12065417	5.68874843		0.9802817	2.61
145	21.8	16.8	34	0.10839159	5.75379553	0.2120795	2.4233697	2.512
146	23	15.8	35	0.103145444	3.432459875	0.081593557	0.369492772	2.636
147	24.5	15.4	34		388.553.437	0.1362162	1.380.458.067	2.506
148	19.5	15.6	34		368.516.943		0.39649923	1.56
149	23.4	15.8		0.64088392	314.520.666	0.08225597	0.20502392	0.859
150	24	13.6	34		929.448.892	0.35865647	479.394.157	0.767
151	16.5	15	37	0.45541467	747.316.924		340.940.811	0.687
152	12.8	14.8	35		560.788.915	0.22233358	194.980.151	1.902
153	13.3	14.2	34		335.568.200			2.096
154								
155	15	15	34	0.59246255	473.112.511	0.29340584	335.872.437	3.596
156	12	14.8	34	0.34422829	425.226.139	0.06827934	107.608.610	3.427
157	16	14.9	35	0.56071625	460.514.160		0.77871442	2.764
158	15	15	34	0.21646576	747.205.437	0.37307113	403.130.774	1.998
159	15.7	15	34	0.26956796	568.920.077		0.62883643	2.221
160								
161	13	14.3	34	101.936.349	1.096.390.997	0.56482964	2.238.246.012	0.855
162	13.5	14.2	34	0.50139971	802.320.554	0.32011347	643.173.978	0.605
163	15	14	34	0.72139918	682.555.397	0.32735032	224.926.414	0.872
164								
165	11.7	13	34	0.27584549	1.026.670.677	0.46426078	400.626.666	1.505
166	12.8	13.1	34	0.61959417	925.552.032	0.42029521	342.771.250	1.673
167	10	11.8	35	113.919.458	1.403.286.008	0.67735015	653.670.004	2.665
168	9	11.5	34		928.442.401	0.24797953	193.721.117	2.778
169	13.7	12.2	34	0.31245337	669.121.430		149.546.708	2.946
170	13.5	12	34	0.44648775	786.365.667		157.456.749	3.232
171	9.5	11.3	34	0.34300256	697.263.111		140.486.230	3.022
172	8.7	11.2	35	0.34792908	840.643.114	0.31871464	368.415.534	2.655
173	23	15	34					1.118
174	24	17	34					0.83
175		19	33					0.46
176	23.5	18.3		0.857251761	2.337330274	0.069182486	0.625133203	0.52
177	26.5	13.5	34	0.45992612	2.53344865	0.09660993	0.57640175	0.609
178	28.3	11	34	0.18212627	6.61638308		1.21387498	1.016
179	25.5			0.86768967	7.05001699	0.33053471	2.40520795	1.601
180	28.5	13.5	34	0.69743456	6.32002733	0.19483969	2.94348612	1.941
181	23.5	11	34	0.75950658	5.57384693	0.20614744	1.79758424	2.479
182	26.5	11	34	0.37917359	4.44770123	0.24337135	1.75748877	2.899
183	26.5	12.8	34		4.10791588			3.13
184	25.5	13.8		0.21565437	3.99431553	0.10142842	0.31993432	2.477
185	20.8	15.8		0.26956796	3.99431553		1.42315613	2.153
186	24.3	18	34	0.86120177	2.79666094		0.90450944	1.375
187	21.5	19.8		0.663421426	2.891279198	0.106077048	0.346832485	1.36
188	23	18.5	34	1.39859995	2.11237865		0.63125864	0.302
189	26.8	18	34	0.60610945	4.21971346			0.3
190	21.5	17.8	34	0.13728068	4.57914812		1.47610915	0.166
191	30.5	14.5	34	0.13651523	4.99604763	0.16272107	2.41098874	0.533
192	21.5	16.5	34	0.52505727	3.45161568		5.10852963	1.104
193	25.5	18.8	34	0.14743555	2.76116774			1.851
194	20.3	19.3	34	0.65253609	3.88623984	0.07189082	6.67253515	2.456
195	19.5	18.8	34	0.07227133	4.24216682		7.36478308	2.813
196	17.8		34	0.27492393	4.21989787	0.05520231		2.847
197			32	0.47109591	5.21808205	0.28624272	1.72108027	2.833
198	23	17.8	34	0.22274232	7.12065515	0.2551114	3.91188988	1.848
199	21.3	17.8	34		8.44858475		1.24735746	1.601
200	23	18	34		7.18331736	0.07581914	0.88218234	1.54
201	28.9	18.6	34	0.3042622	9.6138788	0.16589333	5.33803892	1.34
202	28.3	20	34		8.70254607	0.08373814	2.35319588	0.92
203	31.8	20	34	0.40162698	8.29204861	0.15707403	1.63700583	0.816
204	27.5	20		0.67201408	8.38006167		1.26698903	0.707
205	31	20.8	34	0.47165878	6.42046635	0.17623048	2.14191335	0.749
206	24.8	16.8	34	0.57099117	8.13923172	0.1207861	0.78493458	1.556
207	22.8	16	34	1.3294906	9.55889026	0.22767358	2.85282762	2.279
208	24.5	15.3	34		9.81178629			2.988
209	22.3	15.3		0.22017042	7.85634114	0.2110399	2.07571329	3.232
210	24.5	14	35	0.44662338	9.79259867	0.4957588	6.28316885	3.544
211	22	16	34		3.62048097			3.225
212	16.6	15.3	34	0.73863394	4.09706819		2.22328082	0.908
213	18.3	16	34		2.1538272		1.26792339	0.717
214	21.3	16.2	34	0.20511208	5.66787229		8.75177184	0.43
215	21.3	16.2	34	0.20511208	5.66787229		8.75177184	0.43
216	19.7	15.4	35	1.41213507	8.60383916	0.21881931	1.64276403	1.021
217	15.8	15		0.645455514	8.220016333	0.188656596	3.358025986	1.842
218	18.4	16.5	34	0.084449949	4.182439674	0.102966376	3.360362375	1.776
219	19.3	16	34	0.516553675	5.138416332	0.116435804	0.92503873	2.504
220	17	16.5	34		2.47836526			2.902
221	24.5	16.1	34	0.12065417	5.68874843		0.9802817	2.61
222	21.8	16.8	34	0.10839159	5.75379553	0.2120795	2.4233697	2.512
223								
224	19.5	15.6	34		368.516.943		0.39649923	1.56
225	23.4	15.8		0.64088392	314.520.666	0.08225597	0.20502392	0.859
226	16.5	15	37	0.45541467	747.316.924		340.940.811	0.687
227	12	14.8	34	0.34422829	425.226.139	0.06827934	107.608.610	3.427
228	16	14.9	35	0.56071625	460.514.160		0.77871442	2.764
229	15	15	34	0.21646576	747.205.437	0.37307113	403.130.774	1.998
230	15.7	15	34	0.26956796	568.920.077		0.62883643	2.221
231								
232	13.5	14.2	34	0.50139971	802.320.554	0.32011347	643.173.978	0.605
233	15	14	34	0.72139918	682.555.397	0.32735032	224.926.414	0.872
234								
235	11.7	13	34	0.27584549	1.026.670.677	0.46426078	400.626.666	1.505
236	12.8	13.1	34	0.61959417	925.552.032	0.42029521	342.771.250	1.673
237	10	11.8	35	113.919.458	1.403.286.008	0.67735015	653.670.004	2.665
238	9	11.5	34		928.442.401	0.24797953	193.721.117	2.778
239	13.7	12.2	34	0.31245337	669.121.430		149.546.708	2.946
240	13.5	12	34	0.44648775	786.365.667		157.456.749	3.232
241	9.5	11.3	34	0.34300256	697.263.111		140.486.230	3.022
242	8.7	11.2	35	0.34792908	840.643.114	0.31871464	368.415.534	2.655
243	27	17.5	34					2.856
244	21	20	33					1.949
245	26	17	34					1.594
246	29	20	34					1.23
247	24	17	34					0.83
248	23.5	18.3		0.857251761	2.337330274	0.069182486	0.625133203	0.52
249	26.5	13.5	34	0.45992612	2.53344865	0.09660993	0.57640175	0.609
250	28.3	11	34	0.18212627	6.61638308		1.21387498	1.016
251	25.5			0.86768967	7.05001699	0.33053471	2.40520795	1.601
252	23.5	11	34	0.75950658	5.57384693	0.20614744	1.79758424	2.479
253	25.5	13.8		0.21565437	3.99431553	0.10142842	0.31993432	2.477
254	23	18.5	34	1.39859995	2.11237865		0.63125864	0.302
255	26.8	18	34	0.60610945	4.21971346			0.3
256	21.5	17.8	34	0.13728068	4.57914812		1.47610915	0.166
257	30.5	14.5	34	0.13651523	4.99604763	0.16272107	2.41098874	0.533
258	21.5	16.5	34	0.52505727	3.45161568		5.10852963	1.104
259	25.5	18.8	34	0.14743555	2.76116774			1.851
260	20.3	19.3	34	0.65253609	3.88623984	0.07189082	6.67253515	2.456
261	19.5	18.8	34	0.07227133	4.24216682		7.36478308	2.813
262			34		3.02969798		1.24992589	2.996
263	17.8		34	0.27492393	4.21989787	0.05520231		2.847
264			32	0.47109591	5.21808205	0.28624272	1.72108027	2.833
265	23	17.8	34	0.22274232	7.12065515	0.2551114	3.91188988	1.848
266	21.3	17.8	34		8.44858475		1.24735746	1.601
267	31.8	20	34	0.40162698	8.29204861	0.15707403	1.63700583	0.816
268	27.5	20		0.67201408	8.38006167		1.26698903	0.707
269	31	20.8	34	0.47165878	6.42046635	0.17623048	2.14191335	0.749
270	24.8	16.8	34	0.57099117	8.13923172	0.1207861	0.78493458	1.556
271	22.8	16	34	1.3294906	9.55889026	0.22767358	2.85282762	2.279
272	18.3	16	34		2.1538272		1.26792339	0.717
273	21.3	16.2	34	0.20511208	5.66787229		8.75177184	0.43
274	21.3	16.2	34	0.20511208	5.66787229		8.75177184	0.43
275	19.7	15.4	35	1.41213507	8.60383916	0.21881931	1.64276403	1.021
276	15.8	15		0.645455514	8.220016333	0.188656596	3.358025986	1.842
277	18.4	16.5	34	0.084449949	4.182439674	0.102966376	3.360362375	1.776
278	19.3	16	34	0.516553675	5.138416332	0.116435804	0.92503873	2.504
279	17	16.5	34		2.47836526			2.902
280	16.8	16.3	35		4.55118337		0.80323694	2.907
281	24.5	16.1	34	0.12065417	5.68874843		0.9802817	2.61
282	21.8	16.8	34	0.10839159	5.75379553	0.2120795	2.4233697	2.512
283								
284	24.5	15.4	34		388.553.437	0.1362162	1.380.458.067	2.506
285	23.4	15.8		0.64088392	314.520.666	0.08225597	0.20502392	0.859
286	12	14.8	34	0.34422829	425.226.139	0.06827934	107.608.610	3.427
287	16	14.9	35	0.56071625	460.514.160		0.77871442	2.764
288	27	17.5	34					2.856
289								2.605
290	21	20	33					1.949
291	26	17	34					1.594
292	29	20	34					1.23
293	23	15	34					1.118
294	24	17	34					0.83
295	23	17.5	34					0.609
296		19	33					0.46
297	23.5	18.3		0.857251761	2.337330274	0.069182486	0.625133203	0.52
298	26.5	13.5	34	0.45992612	2.53344865	0.09660993	0.57640175	0.609
299	28.3	11	34	0.18212627	6.61638308		1.21387498	1.016
300	25.5			0.86768967	7.05001699	0.33053471	2.40520795	1.601
301	28.5	13.5	34	0.69743456	6.32002733	0.19483969	2.94348612	1.941
302	23.5	11	34	0.75950658	5.57384693	0.20614744	1.79758424	2.479
303	26.5	11	34	0.37917359	4.44770123	0.24337135	1.75748877	2.899
304	26.5	12.8	34		4.10791588			3.13
305	25.5	13.8		0.21565437	3.99431553	0.10142842	0.31993432	2.477
306	20.8	15.8		0.26956796	3.99431553		1.42315613	2.153
307	24.3	18	34	0.86120177	2.79666094		0.90450944	1.375
308	21.5	19.8		0.663421426	2.891279198	0.106077048	0.346832485	1.36
309	23	18.5	34	1.39859995	2.11237865		0.63125864	0.302
310	26.8	18	34	0.60610945	4.21971346			0.3
311	21.5	17.8	34	0.13728068	4.57914812		1.47610915	0.166
312	30.5	14.5	34	0.13651523	4.99604763	0.16272107	2.41098874	0.533
313	21.5	16.5	34	0.52505727	3.45161568		5.10852963	1.104
314	25.5	18.8	34	0.14743555	2.76116774			1.851
315	20.3	19.3	34	0.65253609	3.88623984	0.07189082	6.67253515	2.456
316	19.5	18.8	34	0.07227133	4.24216682		7.36478308	2.813
317			34		3.02969798		1.24992589	2.996
318	17.8		34	0.27492393	4.21989787	0.05520231		2.847
319			32	0.47109591	5.21808205	0.28624272	1.72108027	2.833
320	23	17.8	34	0.22274232	7.12065515	0.2551114	3.91188988	1.848
321	21.3	17.8	34		8.44858475		1.24735746	1.601
322	23	18	34		7.18331736	0.07581914	0.88218234	1.54
323	28.9	18.6	34	0.3042622	9.6138788	0.16589333	5.33803892	1.34
324	28.3	20	34		8.70254607	0.08373814	2.35319588	0.92
325	31.8	20	34	0.40162698	8.29204861	0.15707403	1.63700583	0.816
326	27.5	20		0.67201408	8.38006167		1.26698903	0.707
327	31	20.8	34	0.47165878	6.42046635	0.17623048	2.14191335	0.749
328	24.8	16.8	34	0.57099117	8.13923172	0.1207861	0.78493458	1.556
329	22.8	16	34	1.3294906	9.55889026	0.22767358	2.85282762	2.279
330	24.5	15.3	34		9.81178629			2.988
331	22.3	15.3		0.22017042	7.85634114	0.2110399	2.07571329	3.232
332	24.5	14	35	0.44662338	9.79259867	0.4957588	6.28316885	3.544
333	22	16	34		3.62048097			3.225
334	18.3	14.5	34	0.13557029	9.17461814	0.20596462	11.97060512	2.311
335	16.6	15.3	34	0.73863394	4.09706819		2.22328082	0.908
336	18.3	16	34		2.1538272		1.26792339	0.717
337	21.3	16.2	34	0.20511208	5.66787229		8.75177184	0.43
338	21.3	16.2	34	0.20511208	5.66787229		8.75177184	0.43
339	19.7	15.4	35	1.41213507	8.60383916	0.21881931	1.64276403	1.021
340	15.8	15		0.645455514	8.220016333	0.188656596	3.358025986	1.842
341	18.4	16.5	34	0.084449949	4.182439674	0.102966376	3.360362375	1.776
342	19.3	16	34	0.516553675	5.138416332	0.116435804	0.92503873	2.504
343	17	16.5	34		2.47836526			2.902
344	16.8	16.3	35		4.55118337		0.80323694	2.907
345	24.5	16.1	34	0.12065417	5.68874843		0.9802817	2.61
346	21.8	16.8	34	0.10839159	5.75379553	0.2120795	2.4233697	2.512
347								
348	24.5	15.4	34		388.553.437	0.1362162	1.380.458.067	2.506
349	19.5	15.6	34		368.516.943		0.39649923	1.56
350	16	16.1	34		192.760.767		0.64420558	1.417
351	23.4	15.8		0.64088392	314.520.666	0.08225597	0.20502392	0.859
352	20.5	16.6	34		491.676.702		398.961.658	0.7
353	24	13.6	34		929.448.892	0.35865647	479.394.157	0.767
354	16.5	15	37	0.45541467	747.316.924		340.940.811	0.687
355	12.8	14.8	35		560.788.915	0.22233358	194.980.151	1.902
356	13.3	14.2	34		335.568.200			2.096
357								
358	15	15	34	0.59246255	473.112.511	0.29340584	335.872.437	3.596
359	12	14.8	34	0.34422829	425.226.139	0.06827934	107.608.610	3.427
360	16	14.9	35	0.56071625	460.514.160		0.77871442	2.764
361	15	15	34	0.21646576	747.205.437	0.37307113	403.130.774	1.998
362	15.7	15	34	0.26956796	568.920.077		0.62883643	2.221
363								
364	13	14.3	34	101.936.349	1.096.390.997	0.56482964	2.238.246.012	0.855
365	13.5	14.2	34	0.50139971	802.320.554	0.32011347	643.173.978	0.605
366	15	14	34	0.72139918	682.555.397	0.32735032	224.926.414	0.872
367								
368	11.7	13	34	0.27584549	1.026.670.677	0.46426078	400.626.666	1.505
369	12.8	13.1	34	0.61959417	925.552.032	0.42029521	342.771.250	1.673
370	10	11.8	35	113.919.458	1.403.286.008	0.67735015	653.670.004	2.665
371	9	11.5	34		928.442.401	0.24797953	193.721.117	2.778
372	13.7	12.2	34	0.31245337	669.121.430		149.546.708	2.946
373	13.5	12	34	0.44648775	786.365.667		157.456.749	3.232
374	9.5	11.3	34	0.34300256	697.263.111		140.486.230	3.022
375	8.7	11.2	35	0.34792908	840.643.114	0.31871464	368.415.534	2.655
376	27	17.5	34					2.856
377								2.605
378	21	20	33					1.949
379	26	17	34					1.594
380	29	20	34					1.23
381	23	15	34					1.118
382	24	17	34					0.83
383	23	17.5	34					0.609
384		19	33					0.46
385	23.5	18.3		0.857251761	2.337330274	0.069182486	0.625133203	0.52
386	26.5	13.5	34	0.45992612	2.53344865	0.09660993	0.57640175	0.609
387	28.3	11	34	0.18212627	6.61638308		1.21387498	1.016
388	25.5			0.86768967	7.05001699	0.33053471	2.40520795	1.601
389	28.5	13.5	34	0.69743456	6.32002733	0.19483969	2.94348612	1.941
390	23.5	11	34	0.75950658	5.57384693	0.20614744	1.79758424	2.479
391	26.5	12.8	34		4.10791588			3.13
392	25.5	13.8		0.21565437	3.99431553	0.10142842	0.31993432	2.477
393	20.8	15.8		0.26956796	3.99431553		1.42315613	2.153
394	24.3	18	34	0.86120177	2.79666094		0.90450944	1.375
395	21.5	19.8		0.663421426	2.891279198	0.106077048	0.346832485	1.36
396	23	18.5	34	1.39859995	2.11237865		0.63125864	0.302
397	26.8	18	34	0.60610945	4.21971346			0.3
398	21.5	17.8	34	0.13728068	4.57914812		1.47610915	0.166
399	30.5	14.5	34	0.13651523	4.99604763	0.16272107	2.41098874	0.533
400	21.5	16.5	34	0.52505727	3.45161568		5.10852963	1.104
401	25.5	18.8	34	0.14743555	2.76116774			1.851
402	20.3	19.3	34	0.65253609	3.88623984	0.07189082	6.67253515	2.456
403	19.5	18.8	34	0.07227133	4.24216682		7.36478308	2.813
404			34		3.02969798		1.24992589	2.996
405	17.8		34	0.27492393	4.21989787	0.05520231		2.847
406			32	0.47109591	5.21808205	0.28624272	1.72108027	2.833
407	23	17.8	34	0.22274232	7.12065515	0.2551114	3.91188988	1.848
408	21.3	17.8	34		8.44858475		1.24735746	1.601
409	23	18	34		7.18331736	0.07581914	0.88218234	1.54
410	28.9	18.6	34	0.3042622	9.6138788	0.16589333	5.33803892	1.34
411	28.3	20	34		8.70254607	0.08373814	2.35319588	0.92
412	31.8	20	34	0.40162698	8.29204861	0.15707403	1.63700583	0.816
413	31	20.8	34	0.47165878	6.42046635	0.17623048	2.14191335	0.749
414	24.8	16.8	34	0.57099117	8.13923172	0.1207861	0.78493458	1.556
415	22.8	16	34	1.3294906	9.55889026	0.22767358	2.85282762	2.279
416	24.5	15.3	34		9.81178629			2.988
417	22.3	15.3		0.22017042	7.85634114	0.2110399	2.07571329	3.232
418	24.5	14	35	0.44662338	9.79259867	0.4957588	6.28316885	3.544
419	22	16	34		3.62048097			3.225
420	18.3	14.5	34	0.13557029	9.17461814	0.20596462	11.97060512	2.311
421	16.6	15.3	34	0.73863394	4.09706819		2.22328082	0.908
422	18.3	16	34		2.1538272		1.26792339	0.717
423	21.3	16.2	34	0.20511208	5.66787229		8.75177184	0.43
424	21.3	16.2	34	0.20511208	5.66787229		8.75177184	0.43
425	19.7	15.4	35	1.41213507	8.60383916	0.21881931	1.64276403	1.021
426	15.8	15		0.645455514	8.220016333	0.188656596	3.358025986	1.842
427	18.4	16.5	34	0.084449949	4.182439674	0.102966376	3.360362375	1.776
428	19.3	16	34	0.516553675	5.138416332	0.116435804	0.92503873	2.504
429	17	16.5	34		2.47836526			2.902
430	16.8	16.3	35		4.55118337		0.80323694	2.907
431	24.5	16.1	34	0.12065417	5.68874843		0.9802817	2.61
432	21.8	16.8	34	0.10839159	5.75379553	0.2120795	2.4233697	2.512
433	23	15.8	35	0.103145444	3.432459875	0.081593557	0.369492772	2.636
434	24.5	15.4	34		388.553.437	0.1362162	1.380.458.067	2.506
435	19.5	15.6	34		368.516.943		0.39649923	1.56
436	23.4	15.8		0.64088392	314.520.666	0.08225597	0.20502392	0.859
437	24	13.6	34		929.448.892	0.35865647	479.394.157	0.767
438	16.5	15	37	0.45541467	747.316.924		340.940.811	0.687
439	12.8	14.8	35		560.788.915	0.22233358	194.980.151	1.902
440	15	15	34	0.59246255	473.112.511	0.29340584	335.872.437	3.596
441	12	14.8	34	0.34422829	425.226.139	0.06827934	107.608.610	3.427
442	16	14.9	35	0.56071625	460.514.160		0.77871442	2.764
443	15	15	34	0.21646576	747.205.437	0.37307113	403.130.774	1.998
444	15.7	15	34	0.26956796	568.920.077		0.62883643	2.221
445								
446	13	14.3	34	101.936.349	1.096.390.997	0.56482964	2.238.246.012	0.855
447	11.7	13	34	0.27584549	1.026.670.677	0.46426078	400.626.666	1.505
448	12.8	13.1	34	0.61959417	925.552.032	0.42029521	342.771.250	1.673
449	10	11.8	35	113.919.458	1.403.286.008	0.67735015	653.670.004	2.665
450	9	11.5	34		928.442.401	0.24797953	193.721.117	2.778
451	13.7	12.2	34	0.31245337	669.121.430		149.546.708	2.946
452	13.5	12	34	0.44648775	786.365.667		157.456.749	3.232
453	9.5	11.3	34	0.34300256	697.263.111		140.486.230	3.022
454	8.7	11.2	35	0.34792908	840.643.114	0.31871464	368.415.534	2.655
455	25.5	13.8		0.21565437	3.99431553	0.10142842	0.31993432	2.477
456	30.5	14.5	34	0.13651523	4.99604763	0.16272107	2.41098874	0.533
457	21.3	16.2	34	0.20511208	5.66787229		8.75177184	0.43
458	19.7	15.4	35	1.41213507	8.60383916	0.21881931	1.64276403	1.021
459	15.8	15		0.645455514	8.220016333	0.188656596	3.358025986	1.842
460	18.4	16.5	34	0.084449949	4.182439674	0.102966376	3.360362375	1.776
461	17	16.5	34		2.47836526			2.902
462	16.8	16.3	35		4.55118337		0.80323694	2.907
463	24.5	16.1	34	0.12065417	5.68874843		0.9802817	2.61
464	21.8	16.8	34	0.10839159	5.75379553	0.2120795	2.4233697	2.512
465	23	15.8	35	0.103145444	3.432459875	0.081593557	0.369492772	2.636
466	24.5	15.4	34		388.553.437	0.1362162	1.380.458.067	2.506
467	19.5	15.6	34		368.516.943		0.39649923	1.56
468	16	16.1	34		192.760.767		0.64420558	1.417
469	23.5	16.1	34		308.472.192	0.06192189	0.2512548	1.629
470	23.4	15.8		0.64088392	314.520.666	0.08225597	0.20502392	0.859
471	20.5	16.6	34		491.676.702		398.961.658	0.7
472	24	13.6	34		929.448.892	0.35865647	479.394.157	0.767
473	16.5	15	37	0.45541467	747.316.924		340.940.811	0.687
474	12.8	14.8	35		560.788.915	0.22233358	194.980.151	1.902
475	13.3	14.2	34		335.568.200			2.096
476								
477	15	15	34	0.59246255	473.112.511	0.29340584	335.872.437	3.596
478	16	14.9	35	0.56071625	460.514.160		0.77871442	2.764
479	15	15	34	0.21646576	747.205.437	0.37307113	403.130.774	1.998
480	15.7	15	34	0.26956796	568.920.077		0.62883643	2.221
481								
482	13	14.3	34	101.936.349	1.096.390.997	0.56482964	2.238.246.012	0.855
483	13.5	14.2	34	0.50139971	802.320.554	0.32011347	643.173.978	0.605
484	15	14	34	0.72139918	682.555.397	0.32735032	224.926.414	0.872
485								
486	11.7	13	34	0.27584549	1.026.670.677	0.46426078	400.626.666	1.505
487	12.8	13.1	34	0.61959417	925.552.032	0.42029521	342.771.250	1.673
488	10	11.8	35	113.919.458	1.403.286.008	0.67735015	653.670.004	2.665
489	9	11.5	34		928.442.401	0.24797953	193.721.117	2.778
490	13.7	12.2	34	0.31245337	669.121.430		149.546.708	2.946
491	9.5	11.3	34	0.34300256	697.263.111		140.486.230	3.022
492	27	17.5	34					2.856
493	21	20	33					1.949
494	26	17	34					1.594
495	29	20	34					1.23
496	23	15	34					1.118
497	24	17	34					0.83
498	23	17.5	34					0.609
499		19	33					0.46
500	23.5	18.3		0.857251761	2.337330274	0.069182486	0.625133203	0.52
501	26.5	13.5	34	0.45992612	2.53344865	0.09660993	0.57640175	0.609
502	28.3	11	34	0.18212627	6.61638308		1.21387498	1.016
503	25.5			0.86768967	7.05001699	0.33053471	2.40520795	1.601
504	28.5	13.5	34	0.69743456	6.32002733	0.19483969	2.94348612	1.941
505	23.5	11	34	0.75950658	5.57384693	0.20614744	1.79758424	2.479
506	26.5	11	34	0.37917359	4.44770123	0.24337135	1.75748877	2.899
507	26.5	12.8	34		4.10791588			3.13
508	25.5	13.8		0.21565437	3.99431553	0.10142842	0.31993432	2.477
509	20.8	15.8		0.26956796	3.99431553		1.42315613	2.153
510	24.3	18	34	0.86120177	2.79666094		0.90450944	1.375
511	21.5	19.8		0.663421426	2.891279198	0.106077048	0.346832485	1.36
512	23	18.5	34	1.39859995	2.11237865		0.63125864	0.302
513	26.8	18	34	0.60610945	4.21971346			0.3
514	21.5	17.8	34	0.13728068	4.57914812		1.47610915	0.166
515	30.5	14.5	34	0.13651523	4.99604763	0.16272107	2.41098874	0.533
516	21.5	16.5	34	0.52505727	3.45161568		5.10852963	1.104
517	25.5	18.8	34	0.14743555	2.76116774			1.851
518	20.3	19.3	34	0.65253609	3.88623984	0.07189082	6.67253515	2.456
519	19.5	18.8	34	0.07227133	4.24216682		7.36478308	2.813
520			34		3.02969798		1.24992589	2.996
521	17.8		34	0.27492393	4.21989787	0.05520231		2.847
522			32	0.47109591	5.21808205	0.28624272	1.72108027	2.833
523	23	17.8	34	0.22274232	7.12065515	0.2551114	3.91188988	1.848
524	21.3	17.8	34		8.44858475		1.24735746	1.601
525	23	18	34		7.18331736	0.07581914	0.88218234	1.54
526	28.3	20	34		8.70254607	0.08373814	2.35319588	0.92
527	27.5	20		0.67201408	8.38006167		1.26698903	0.707
528	24.8	16.8	34	0.57099117	8.13923172	0.1207861	0.78493458	1.556
529	22.8	16	34	1.3294906	9.55889026	0.22767358	2.85282762	2.279
530	24.5	15.3	34		9.81178629			2.988
531	22.3	15.3		0.22017042	7.85634114	0.2110399	2.07571329	3.232
532	22	16	34		3.62048097			3.225
533	18.3	14.5	34	0.13557029	9.17461814	0.20596462	11.97060512	2.311
534	16.6	15.3	34	0.73863394	4.09706819		2.22328082	0.908
535	18.3	16	34		2.1538272		1.26792339	0.717
536	21.3	16.2	34	0.20511208	5.66787229		8.75177184	0.43
537	21.3	16.2	34	0.20511208	5.66787229		8.75177184	0.43
538	19.7	15.4	35	1.41213507	8.60383916	0.21881931	1.64276403	1.021
539	15.8	15		0.645455514	8.220016333	0.188656596	3.358025986	1.842
540	18.4	16.5	34	0.084449949	4.182439674	0.102966376	3.360362375	1.776
541	19.3	16	34	0.516553675	5.138416332	0.116435804	0.92503873	2.504
542	17	16.5	34		2.47836526			2.902
543	16.8	16.3	35		4.55118337		0.80323694	2.907
544	24.5	16.1	34	0.12065417	5.68874843		0.9802817	2.61
545	21.8	16.8	34	0.10839159	5.75379553	0.2120795	2.4233697	2.512
546	23	15.8	35	0.103145444	3.432459875	0.081593557	0.369492772	2.636
547	24.5	15.4	34		388.553.437	0.1362162	1.380.458.067	2.506
548	19.5	15.6	34		368.516.943		0.39649923	1.56
549	16	16.1	34		192.760.767		0.64420558	1.417
550	23.5	16.1	34		308.472.192	0.06192189	0.2512548	1.629
551	23.4	15.8		0.64088392	314.520.666	0.08225597	0.20502392	0.859
552	20.5	16.6	34		491.676.702		398.961.658	0.7
553	16.5	15	37	0.45541467	747.316.924		340.940.811	0.687
554	12.8	14.8	35		560.788.915	0.22233358	194.980.151	1.902
555	13.3	14.2	34		335.568.200			2.096
556								
557	15	15	34	0.59246255	473.112.511	0.29340584	335.872.437	3.596
558	12	14.8	34	0.34422829	425.226.139	0.06827934	107.608.610	3.427
559	16	14.9	35	0.56071625	460.514.160		0.77871442	2.764
560	15	15	34	0.21646576	747.205.437	0.37307113	403.130.774	1.998
561								
562	13	14.3	34	101.936.349	1.096.390.997	0.56482964	2.238.246.012	0.855
563	13.5	14.2	34	0.50139971	802.320.554	0.32011347	643.173.978	0.605
564	11.7	13	34	0.27584549	1.026.670.677	0.46426078	400.626.666	1.505
565	22.8	16	34	1.3294906	9.55889026	0.22767358	2.85282762	2.279
566	24.5	15.3	34		9.81178629			2.988
567	16.6	15.3	34	0.73863394	4.09706819		2.22328082	0.908
568	18.3	16	34		2.1538272		1.26792339	0.717
569	21.3	16.2	34	0.20511208	5.66787229		8.75177184	0.43
570	19.7	15.4	35	1.41213507	8.60383916	0.21881931	1.64276403	1.021
571	15.8	15		0.645455514	8.220016333	0.188656596	3.358025986	1.842
572	18.4	16.5	34	0.084449949	4.182439674	0.102966376	3.360362375	1.776
573	17	16.5	34		2.47836526			2.902
574	24.5	16.1	34	0.12065417	5.68874843		0.9802817	2.61
575	21.8	16.8	34	0.10839159	5.75379553	0.2120795	2.4233697	2.512
576	23	15.8	35	0.103145444	3.432459875	0.081593557	0.369492772	2.636
577	24	13.6	34		929.448.892	0.35865647	479.394.157	0.767
578	16.5	15	37	0.45541467	747.316.924		340.940.811	0.687
579	12.8	14.8	35		560.788.915	0.22233358	194.980.151	1.902
580	13.3	14.2	34		335.568.200			2.096
581								
582	15	15	34	0.59246255	473.112.511	0.29340584	335.872.437	3.596
583	12	14.8	34	0.34422829	425.226.139	0.06827934	107.608.610	3.427
584	16	14.9	35	0.56071625	460.514.160		0.77871442	2.764
585	15	15	34	0.21646576	747.205.437	0.37307113	403.130.774	1.998
586	15.7	15	34	0.26956796	568.920.077		0.62883643	2.221
587								
588	13	14.3	34	101.936.349	1.096.390.997	0.56482964	2.238.246.012	0.855
589	13.5	14.2	34	0.50139971	802.320.554	0.32011347	643.173.978	0.605
590	15	14	34	0.72139918	682.555.397	0.32735032	224.926.414	0.872
591								
592	11.7	13	34	0.27584549	1.026.670.677	0.46426078	400.626.666	1.505
593	12.8	13.1	34	0.61959417	925.552.032	0.42029521	342.771.250	1.673
594	10	11.8	35	113.919.458	1.403.286.008	0.67735015	653.670.004	2.665
595	9	11.5	34		928.442.401	0.24797953	193.721.117	2.778
596	13.7	12.2	34	0.31245337	669.121.430		149.546.708	2.946
597	13.5	12	34	0.44648775	786.365.667		157.456.749	3.232
598	9.5	11.3	34	0.34300256	697.263.111		140.486.230	3.022
599	8.7	11.2	35	0.34792908	840.643.114	0.31871464	368.415.534	2.655
600	21.5	19.8		0.663421426	2.891279198	0.106077048	0.346832485	1.36
601	23	18.5	34	1.39859995	2.11237865		0.63125864	0.302
602	26.8	18	34	0.60610945	4.21971346			0.3
603	21.5	17.8	34	0.13728068	4.57914812		1.47610915	0.166
604	30.5	14.5	34	0.13651523	4.99604763	0.16272107	2.41098874	0.533
605	21.5	16.5	34	0.52505727	3.45161568		5.10852963	1.104
606	25.5	18.8	34	0.14743555	2.76116774			1.851
607	20.3	19.3	34	0.65253609	3.88623984	0.07189082	6.67253515	2.456
608	19.5	18.8	34	0.07227133	4.24216682		7.36478308	2.813
609			34		3.02969798		1.24992589	2.996
610	17.8		34	0.27492393	4.21989787	0.05520231		2.847
611			32	0.47109591	5.21808205	0.28624272	1.72108027	2.833
612	23	17.8	34	0.22274232	7.12065515	0.2551114	3.91188988	1.848
613	21.3	17.8	34		8.44858475		1.24735746	1.601
614	23	18	34		7.18331736	0.07581914	0.88218234	1.54
615	28.9	18.6	34	0.3042622	9.6138788	0.16589333	5.33803892	1.34
616	28.3	20	34		8.70254607	0.08373814	2.35319588	0.92
617	31.8	20	34	0.40162698	8.29204861	0.15707403	1.63700583	0.816
618	27.5	20		0.67201408	8.38006167		1.26698903	0.707
619	31	20.8	34	0.47165878	6.42046635	0.17623048	2.14191335	0.749
620	24.8	16.8	34	0.57099117	8.13923172	0.1207861	0.78493458	1.556
621	22.8	16	34	1.3294906	9.55889026	0.22767358	2.85282762	2.279
622	24.5	15.3	34		9.81178629			2.988
623	22.3	15.3		0.22017042	7.85634114	0.2110399	2.07571329	3.232
624	24.5	14	35	0.44662338	9.79259867	0.4957588	6.28316885	3.544
625	22	16	34		3.62048097			3.225
626	18.3	14.5	34	0.13557029	9.17461814	0.20596462	11.97060512	2.311
627	16.6	15.3	34	0.73863394	4.09706819		2.22328082	0.908
628	18.3	16	34		2.1538272		1.26792339	0.717
629	21.3	16.2	34	0.20511208	5.66787229		8.75177184	0.43
630	21.3	16.2	34	0.20511208	5.66787229		8.75177184	0.43
631	19.7	15.4	35	1.41213507	8.60383916	0.21881931	1.64276403	1.021
632	15.8	15		0.645455514	8.220016333	0.188656596	3.358025986	1.842
633	18.4	16.5	34	0.084449949	4.182439674	0.102966376	3.360362375	1.776
634	19.3	16	34	0.516553675	5.138416332	0.116435804	0.92503873	2.504
635	17	16.5	34		2.47836526			2.902
636	16.8	16.3	35		4.55118337		0.80323694	2.907
637	24.5	16.1	34	0.12065417	5.68874843		0.9802817	2.61
638	21.8	16.8	34	0.10839159	5.75379553	0.2120795	2.4233697	2.512
639	23	15.8	35	0.103145444	3.432459875	0.081593557	0.369492772	2.636
640	24.5	15.4	34		388.553.437	0.1362162	1.380.458.067	2.506
641	19.5	15.6	34		368.516.943		0.39649923	1.56
642	16	16.1	34		192.760.767		0.64420558	1.417
643	23.5	16.1	34		308.472.192	0.06192189	0.2512548	1.629
644	23.4	15.8		0.64088392	314.520.666	0.08225597	0.20502392	0.859
645	20.5	16.6	34		491.676.702		398.961.658	0.7
646	24	13.6	34		929.448.892	0.35865647	479.394.157	0.767
647	16.5	15	37	0.45541467	747.316.924		340.940.811	0.687
648	12.8	14.8	35		560.788.915	0.22233358	194.980.151	1.902
649	13.3	14.2	34		335.568.200			2.096
650	15	15	34	0.59246255	473.112.511	0.29340584	335.872.437	3.596
651	12	14.8	34	0.34422829	425.226.139	0.06827934	107.608.610	3.427
652	16	14.9	35	0.56071625	460.514.160		0.77871442	2.764
653	15	15	34	0.21646576	747.205.437	0.37307113	403.130.774	1.998
654	15.7	15	34	0.26956796	568.920.077		0.62883643	2.221
655								
656	13	14.3	34	101.936.349	1.096.390.997	0.56482964	2.238.246.012	0.855
657	13.5	14.2	34	0.50139971	802.320.554	0.32011347	643.173.978	0.605
658	15	14	34	0.72139918	682.555.397	0.32735032	224.926.414	0.872
659								
660	11.7	13	34	0.27584549	1.026.670.677	0.46426078	400.626.666	1.505
661	12.8	13.1	34	0.61959417	925.552.032	0.42029521	342.771.250	1.673
662	10	11.8	35	113.919.458	1.403.286.008	0.67735015	653.670.004	2.665
663	9	11.5	34		928.442.401	0.24797953	193.721.117	2.778
664	13.7	12.2	34	0.31245337	669.121.430		149.546.708	2.946
665	13.5	12	34	0.44648775	786.365.667		157.456.749	3.232
666	9.5	11.3	34	0.34300256	697.263.111		140.486.230	3.022
667	8.7	11.2	35	0.34792908	840.643.114	0.31871464	368.415.534	2.655
668	17.8		34	0.27492393	4.21989787	0.05520231		2.847
669	23	18	34		7.18331736	0.07581914	0.88218234	1.54
670	28.9	18.6	34	0.3042622	9.6138788	0.16589333	5.33803892	1.34
671	28.3	20	34		8.70254607	0.08373814	2.35319588	0.92
672	31.8	20	34	0.40162698	8.29204861	0.15707403	1.63700583	0.816
673	27.5	20		0.67201408	8.38006167		1.26698903	0.707
674	31	20.8	34	0.47165878	6.42046635	0.17623048	2.14191335	0.749
675	24.8	16.8	34	0.57099117	8.13923172	0.1207861	0.78493458	1.556
676	24.5	19.5	34	0.72933438	6.26473726	0.17687965	0.36307309	1.647
677	22.8	16	34	1.3294906	9.55889026	0.22767358	2.85282762	2.279
678	24.5	15.3	34		9.81178629			2.988
679	22.3	15.3		0.22017042	7.85634114	0.2110399	2.07571329	3.232
680	24.5	14	35	0.44662338	9.79259867	0.4957588	6.28316885	3.544
681	22	16	34		3.62048097			3.225
682	18.3	14.5	34	0.13557029	9.17461814	0.20596462	11.97060512	2.311
683	16.6	15.3	34	0.73863394	4.09706819		2.22328082	0.908
684	18.3	16	34		2.1538272		1.26792339	0.717
685	21.3	16.2	34	0.20511208	5.66787229		8.75177184	0.43
686	21.3	16.2	34	0.20511208	5.66787229		8.75177184	0.43
687	19.7	15.4	35	1.41213507	8.60383916	0.21881931	1.64276403	1.021
688	15.8	15		0.645455514	8.220016333	0.188656596	3.358025986	1.842
689	18.4	16.5	34	0.084449949	4.182439674	0.102966376	3.360362375	1.776
690	19.3	16	34	0.516553675	5.138416332	0.116435804	0.92503873	2.504
691	17	16.5	34		2.47836526			2.902
692	16.8	16.3	35		4.55118337		0.80323694	2.907
693	24.5	16.1	34	0.12065417	5.68874843		0.9802817	2.61
694	21.8	16.8	34	0.10839159	5.75379553	0.2120795	2.4233697	2.512
695	23	15.8	35	0.103145444	3.432459875	0.081593557	0.369492772	2.636
696	24.5	15.4	34		388.553.437	0.1362162	1.380.458.067	2.506
697	16	16.1	34		192.760.767		0.64420558	1.417
698	23.4	15.8		0.64088392	314.520.666	0.08225597	0.20502392	0.859
699	24	13.6	34		929.448.892	0.35865647	479.394.157	0.767
700	16.5	15	37	0.45541467	747.316.924		340.940.811	0.687
701	13.3	14.2	34		335.568.200			2.096
702	12	14.8	34	0.34422829	425.226.139	0.06827934	107.608.610	3.427
703	16	14.9	35	0.56071625	460.514.160		0.77871442	2.764
704	15	15	34	0.21646576	747.205.437	0.37307113	403.130.774	1.998
705								
706	13	14.3	34	101.936.349	1.096.390.997	0.56482964	2.238.246.012	0.855
707	13.5	14.2	34	0.50139971	802.320.554	0.32011347	643.173.978	0.605
708	15	14	34	0.72139918	682.555.397	0.32735032	224.926.414	0.872
709								
710	11.7	13	34	0.27584549	1.026.670.677	0.46426078	400.626.666	1.505
711	12.8	13.1	34	0.61959417	925.552.032	0.42029521	342.771.250	1.673
712	10	11.8	35	113.919.458	1.403.286.008	0.67735015	653.670.004	2.665
713	9	11.5	34		928.442.401	0.24797953	193.721.117	2.778
714	13.7	12.2	34	0.31245337	669.121.430		149.546.708	2.946
715	13.5	12	34	0.44648775	786.365.667		157.456.749	3.232
716	9.5	11.3	34	0.34300256	697.263.111		140.486.230	3.022
717	8.7	11.2	35	0.34792908	840.643.114	0.31871464	368.415.534	2.655
718	27	17.5	34					2.856
719	26	17	34					1.594
720	29	20	34					1.23
721	23	15	34					1.118
722	23	17.5	34					0.609
723	23.5	18.3		0.857251761	2.337330274	0.069182486	0.625133203	0.52
724	26.5	13.5	34	0.45992612	2.53344865	0.09660993	0.57640175	0.609
725	28.3	11	34	0.18212627	6.61638308		1.21387498	1.016
726	25.5			0.86768967	7.05001699	0.33053471	2.40520795	1.601
727	28.5	13.5	34	0.69743456	6.32002733	0.19483969	2.94348612	1.941
728	23.5	11	34	0.75950658	5.57384693	0.20614744	1.79758424	2.479
729	26.5	11	34	0.37917359	4.44770123	0.24337135	1.75748877	2.899
730	26.5	12.8	34		4.10791588			3.13
731	25.5	13.8		0.21565437	3.99431553	0.10142842	0.31993432	2.477
732	20.8	15.8		0.26956796	3.99431553		1.42315613	2.153
733	24.3	18	34	0.86120177	2.79666094		0.90450944	1.375
734	21.5	19.8		0.663421426	2.891279198	0.106077048	0.346832485	1.36
735	23	18.5	34	1.39859995	2.11237865		0.63125864	0.302
736	26.8	18	34	0.60610945	4.21971346			0.3
737	30.5	14.5	34	0.13651523	4.99604763	0.16272107	2.41098874	0.533
738	21.5	16.5	34	0.52505727	3.45161568		5.10852963	1.104
739	19.5	18.8	34	0.07227133	4.24216682		7.36478308	2.813
740	22.8	16	34	1.3294906	9.55889026	0.22767358	2.85282762	2.279
741	24.5	15.3	34		9.81178629			2.988
742	22.3	15.3		0.22017042	7.85634114	0.2110399	2.07571329	3.232
743	24.5	14	35	0.44662338	9.79259867	0.4957588	6.28316885	3.544
744	22	16	34		3.62048097			3.225
745	18.3	14.5	34	0.13557029	9.17461814	0.20596462	11.97060512	2.311
746	15.8	15		0.645455514	8.220016333	0.188656596	3.358025986	1.842
747	24.5	16.1	34	0.12065417	5.68874843		0.9802817	2.61
748	19.5	15.6	34		368.516.943		0.39649923	1.56
749	24	13.6	34		929.448.892	0.35865647	479.394.157	0.767
750	16.5	15	37	0.45541467	747.316.924		340.940.811	0.687
751	12.8	14.8	35		560.788.915	0.22233358	194.980.151	1.902
752	15	15	34	0.21646576	747.205.437	0.37307113	403.130.774	1.998
753	13	14.3	34	101.936.349	1.096.390.997	0.56482964	2.238.246.012	0.855
754	15	14	34	0.72139918	682.555.397	0.32735032	224.926.414	0.872
755	11.7	13	34	0.27584549	1.026.670.677	0.46426078	400.626.666	1.505
756	12.8	13.1	34	0.61959417	925.552.032	0.42029521	342.771.250	1.673
757	10	11.8	35	113.919.458	1.403.286.008	0.67735015	653.670.004	2.665
758	9	11.5	34		928.442.401	0.24797953	193.721.117	2.778
759	13.7	12.2	34	0.31245337	669.121.430		149.546.708	2.946
760	13.5	12	34	0.44648775	786.365.667		157.456.749	3.232
761	9.5	11.3	34	0.34300256	697.263.111		140.486.230	3.022
762	8.7	11.2	35	0.34792908	840.643.114	0.31871464	368.415.534	2.655
763	29	20	34					1.23
764	24	17	34					0.83
765	23	17.5	34					0.609
766		19	33					0.46
767	23.5	18.3		0.857251761	2.337330274	0.069182486	0.625133203	0.52
768	26.5	13.5	34	0.45992612	2.53344865	0.09660993	0.57640175	0.609
769	28.3	11	34	0.18212627	6.61638308		1.21387498	1.016
770	25.5			0.86768967	7.05001699	0.33053471	2.40520795	1.601
771	28.5	13.5	34	0.69743456	6.32002733	0.19483969	2.94348612	1.941
772	23.5	11	34	0.75950658	5.57384693	0.20614744	1.79758424	2.479
773	26.5	11	34	0.37917359	4.44770123	0.24337135	1.75748877	2.899
774	26.5	12.8	34		4.10791588			3.13
775	25.5	13.8		0.21565437	3.99431553	0.10142842	0.31993432	2.477
776	20.8	15.8		0.26956796	3.99431553		1.42315613	2.153
777	21.5	19.8		0.663421426	2.891279198	0.106077048	0.346832485	1.36
778	23	18.5	34	1.39859995	2.11237865		0.63125864	0.302
779	26.8	18	34	0.60610945	4.21971346			0.3
780	21.5	17.8	34	0.13728068	4.57914812		1.47610915	0.166
781	30.5	14.5	34	0.13651523	4.99604763	0.16272107	2.41098874	0.533
782	21.5	16.5	34	0.52505727	3.45161568		5.10852963	1.104
783	25.5	18.8	34	0.14743555	2.76116774			1.851
784	20.3	19.3	34	0.65253609	3.88623984	0.07189082	6.67253515	2.456
785	19.5	18.8	34	0.07227133	4.24216682		7.36478308	2.813
786			34		3.02969798		1.24992589	2.996
787	17.8		34	0.27492393	4.21989787	0.05520231		2.847
788	21.3	17.8	34		8.44858475		1.24735746	1.601
789	23	18	34		7.18331736	0.07581914	0.88218234	1.54
790	28.9	18.6	34	0.3042622	9.6138788	0.16589333	5.33803892	1.34
791	24.8	16.8	34	0.57099117	8.13923172	0.1207861	0.78493458	1.556
792	22.8	16	34	1.3294906	9.55889026	0.22767358	2.85282762	2.279
793	24.5	15.3	34		9.81178629			2.988
794	22.3	15.3		0.22017042	7.85634114	0.2110399	2.07571329	3.232
795	24.5	14	35	0.44662338	9.79259867	0.4957588	6.28316885	3.544
796	22	16	34		3.62048097			3.225
797	18.3	14.5	34	0.13557029	9.17461814	0.20596462	11.97060512	2.311
798	16.6	15.3	34	0.73863394	4.09706819		2.22328082	0.908
799	18.3	16	34		2.1538272		1.26792339	0.717
800	21.3	16.2	34	0.20511208	5.66787229		8.75177184	0.43
801	21.3	16.2	34	0.20511208	5.66787229		8.75177184	0.43
802	19.7	15.4	35	1.41213507	8.60383916	0.21881931	1.64276403	1.021
803	15.8	15		0.645455514	8.220016333	0.188656596	3.358025986	1.842
804	18.4	16.5	34	0.084449949	4.182439674	0.102966376	3.360362375	1.776
805	19.3	16	34	0.516553675	5.138416332	0.116435804	0.92503873	2.504
806	17	16.5	34		2.47836526			2.902
807	16.8	16.3	35		4.55118337		0.80323694	2.907
808	24.5	16.1	34	0.12065417	5.68874843		0.9802817	2.61
809	21.8	16.8	34	0.10839159	5.75379553	0.2120795	2.4233697	2.512
810	23	15.8	35	0.103145444	3.432459875	0.081593557	0.369492772	2.636
811	24.5	15.4	34		388.553.437	0.1362162	1.380.458.067	2.506
812	19.5	15.6	34		368.516.943		0.39649923	1.56
813	23.5	16.1	34		308.472.192	0.06192189	0.2512548	1.629
814	23.4	15.8		0.64088392	314.520.666	0.08225597	0.20502392	0.859
815	24	13.6	34		929.448.892	0.35865647	479.394.157	0.767
816	16.5	15	37	0.45541467	747.316.924		340.940.811	0.687
817	12.8	14.8	35		560.788.915	0.22233358	194.980.151	1.902
818	13.3	14.2	34		335.568.200			2.096
819								
820	15	15	34	0.59246255	473.112.511	0.29340584	335.872.437	3.596
821	12	14.8	34	0.34422829	425.226.139	0.06827934	107.608.610	3.427
822	16	14.9	35	0.56071625	460.514.160		0.77871442	2.764
823	15	15	34	0.21646576	747.205.437	0.37307113	403.130.774	1.998
824	15.7	15	34	0.26956796	568.920.077		0.62883643	2.221
825								
826	13.5	14.2	34	0.50139971	802.320.554	0.32011347	643.173.978	0.605
827	15	14	34	0.72139918	682.555.397	0.32735032	224.926.414	0.872
828								
829	11.7	13	34	0.27584549	1.026.670.677	0.46426078	400.626.666	1.505
830	13.7	12.2	34	0.31245337	669.121.430		149.546.708	2.946
831	9.5	11.3	34	0.34300256	697.263.111		140.486.230	3.022
832	8.7	11.2	35	0.34792908	840.643.114	0.31871464	368.415.534	2.655
833								2.605
834	21	20	33					1.949
835	26	17	34					1.594
836	24	17	34					0.83
837	23.5	18.3		0.857251761	2.337330274	0.069182486	0.625133203	0.52
838	28.3	11	34	0.18212627	6.61638308		1.21387498	1.016
839	26.5	12.8	34		4.10791588			3.13
840	25.5	13.8		0.21565437	3.99431553	0.10142842	0.31993432	2.477
841	20.8	15.8		0.26956796	3.99431553		1.42315613	2.153
842	21.5	19.8		0.663421426	2.891279198	0.106077048	0.346832485	1.36
843	23	18.5	34	1.39859995	2.11237865		0.63125864	0.302
844	26.8	18	34	0.60610945	4.21971346			0.3
845	21.5	17.8	34	0.13728068	4.57914812		1.47610915	0.166
846	30.5	14.5	34	0.13651523	4.99604763	0.16272107	2.41098874	0.533
847	20.3	19.3	34	0.65253609	3.88623984	0.07189082	6.67253515	2.456
848	31	20.8	34	0.47165878	6.42046635	0.17623048	2.14191335	0.749
849	22.8	16	34	1.3294906	9.55889026	0.22767358	2.85282762	2.279
850	22	16	34		3.62048097			3.225
851	15.8	15		0.645455514	8.220016333	0.188656596	3.358025986	1.842
852	18.4	16.5	34	0.084449949	4.182439674	0.102966376	3.360362375	1.776
853	24	13.6	34		929.448.892	0.35865647	479.394.157	0.767
854	16.5	15	37	0.45541467	747.316.924		340.940.811	0.687
855	12.8	14.8	35		560.788.915	0.22233358	194.980.151	1.902
856	13.3	14.2	34		335.568.200			2.096
857								
858	15	15	34	0.59246255	473.112.511	0.29340584	335.872.437	3.596
859	12	14.8	34	0.34422829	425.226.139	0.06827934	107.608.610	3.427
860	16	14.9	35	0.56071625	460.514.160		0.77871442	2.764
861	15	15	34	0.21646576	747.205.437	0.37307113	403.130.774	1.998
862	15.7	15	34	0.26956796	568.920.077		0.62883643	2.221
863								
864	13	14.3	34	101.936.349	1.096.390.997	0.56482964	2.238.246.012	0.855
865	13.5	14.2	34	0.50139971	802.320.554	0.32011347	643.173.978	0.605
866	15	14	34	0.72139918	682.555.397	0.32735032	224.926.414	0.872
867								
868	11.7	13	34	0.27584549	1.026.670.677	0.46426078	400.626.666	1.505
869	12.8	13.1	34	0.61959417	925.552.032	0.42029521	342.771.250	1.673
870	10	11.8	35	113.919.458	1.403.286.008	0.67735015	653.670.004	2.665
871	9	11.5	34		928.442.401	0.24797953	193.721.117	2.778
872	13.7	12.2	34	0.31245337	669.121.430		149.546.708	2.946
873	13.5	12	34	0.44648775	786.365.667		157.456.749	3.232
874	9.5	11.3	34	0.34300256	697.263.111		140.486.230	3.022
875	8.7	11.2	35	0.34792908	840.643.114	0.31871464	368.415.534	2.655
876	28.3	11	34	0.18212627	6.61638308		1.21387498	1.016
877	25.5			0.86768967	7.05001699	0.33053471	2.40520795	1.601
878	25.5	13.8		0.21565437	3.99431553	0.10142842	0.31993432	2.477
879	19.5	18.8	34	0.07227133	4.24216682		7.36478308	2.813
880	24.5	14	35	0.44662338	9.79259867	0.4957588	6.28316885	3.544
881	22	16	34		3.62048097			3.225
882	18.3	14.5	34	0.13557029	9.17461814	0.20596462	11.97060512	2.311
883	16.6	15.3	34	0.73863394	4.09706819		2.22328082	0.908
884	18.3	16	34		2.1538272		1.26792339	0.717
885	19.7	15.4	35	1.41213507	8.60383916	0.21881931	1.64276403	1.021
886	15.8	15		0.645455514	8.220016333	0.188656596	3.358025986	1.842
887	18.4	16.5	34	0.084449949	4.182439674	0.102966376	3.360362375	1.776
888	19.3	16	34	0.516553675	5.138416332	0.116435804	0.92503873	2.504
889	17	16.5	34		2.47836526			2.902
890	23.4	15.8		0.64088392	314.520.666	0.08225597	0.20502392	0.859
891	24	13.6	34		929.448.892	0.35865647	479.394.157	0.767
892	16.5	15	37	0.45541467	747.316.924		340.940.811	0.687
893	12.8	14.8	35		560.788.915	0.22233358	194.980.151	1.902
894	13.3	14.2	34		335.568.200			2.096
895								
896	15	15	34	0.59246255	473.112.511	0.29340584	335.872.437	3.596
897	12	14.8	34	0.34422829	425.226.139	0.06827934	107.608.610	3.427
898	16	14.9	35	0.56071625	460.514.160		0.77871442	2.764
899	15	15	34	0.21646576	747.205.437	0.37307113	403.130.774	1.998
900	15.7	15	34	0.26956796	568.920.077		0.62883643	2.221
901								
902	13	14.3	34	101.936.349	1.096.390.997	0.56482964	2.238.246.012	0.855
903	13.5	14.2	34	0.50139971	802.320.554	0.32011347	643.173.978	0.605
904	15	14	34	0.72139918	682.555.397	0.32735032	224.926.414	0.872
905								
906	11.7	13	34	0.27584549	1.026.670.677	0.46426078	400.626.666	1.505
907	12.8	13.1	34	0.61959417	925.552.032	0.42029521	342.771.250	1.673
908	10	11.8	35	113.919.458	1.403.286.008	0.67735015	653.670.004	2.665
909	9	11.5	34		928.442.401	0.24797953	193.721.117	2.778
910	13.7	12.2	34	0.31245337	669.121.430		149.546.708	2.946
911	13.5	12	34	0.44648775	786.365.667		157.456.749	3.232
912	9.5	11.3	34	0.34300256	697.263.111		140.486.230	3.022
913	8.7	11.2	35	0.34792908	840.643.114	0.31871464	368.415.534	2.655
914	18.3	16	34		2.1538272		1.26792339	0.717
915	21.3	16.2	34	0.20511208	5.66787229		8.75177184	0.43
916	21.3	16.2	34	0.20511208	5.66787229		8.75177184	0.43
917	19.7	15.4	35	1.41213507	8.60383916	0.21881931	1.64276403	1.021
918	15.8	15		0.645455514	8.220016333	0.188656596	3.358025986	1.842
919	18.4	16.5	34	0.084449949	4.182439674	0.102966376	3.360362375	1.776
920	19.3	16	34	0.516553675	5.138416332	0.116435804	0.92503873	2.504
921	17	16.5	34		2.47836526			2.902
922	16.8	16.3	35		4.55118337		0.80323694	2.907
923	24.5	16.1	34	0.12065417	5.68874843		0.9802817	2.61
924	21.8	16.8	34	0.10839159	5.75379553	0.2120795	2.4233697	2.512
925	23	15.8	35	0.103145444	3.432459875	0.081593557	0.369492772	2.636
926	24.5	15.4	34		388.553.437	0.1362162	1.380.458.067	2.506
927	23.4	15.8		0.64088392	314.520.666	0.08225597	0.20502392	0.859
928	20.5	16.6	34		491.676.702		398.961.658	0.7
929	24	13.6	34		929.448.892	0.35865647	479.394.157	0.767
930	16.5	15	37	0.45541467	747.316.924		340.940.811	0.687
931	12.8	14.8	35		560.788.915	0.22233358	194.980.151	1.902
932	13.3	14.2	34		335.568.200			2.096
933								
934	15	15	34	0.59246255	473.112.511	0.29340584	335.872.437	3.596
935	12	14.8	34	0.34422829	425.226.139	0.06827934	107.608.610	3.427
936	16	14.9	35	0.56071625	460.514.160		0.77871442	2.764
937	15	15	34	0.21646576	747.205.437	0.37307113	403.130.774	1.998
938	15.7	15	34	0.26956796	568.920.077		0.62883643	2.221
939								
940	13	14.3	34	101.936.349	1.096.390.997	0.56482964	2.238.246.012	0.855
941	13.5	14.2	34	0.50139971	802.320.554	0.32011347	643.173.978	0.605
942	15	14	34	0.72139918	682.555.397	0.32735032	224.926.414	0.872
943								
944	11.7	13	34	0.27584549	1.026.670.677	0.46426078	400.626.666	1.505
945	12.8	13.1	34	0.61959417	925.552.032	0.42029521	342.771.250	1.673
946	10	11.8	35	113.919.458	1.403.286.008	0.67735015	653.670.004	2.665
947	9	11.5	34		928.442.401	0.24797953	193.721.117	2.778
948	13.7	12.2	34	0.31245337	669.121.430		149.546.708	2.946
949	13.5	12	34	0.44648775	786.365.667		157.456.749	3.232
950	9.5	11.3	34	0.34300256	697.263.111		140.486.230	3.022
951	8.7	11.2	35	0.34792908	840.643.114	0.31871464	368.415.534	2.655
952	23.5	18.3		0.857251761	2.337330274	0.069182486	0.625133203	0.52
953	23	18.5	34	1.39859995	2.11237865		0.63125864	0.302
954	26.8	18	34	0.60610945	4.21971346			0.3
955	21.5	17.8	34	0.13728068	4.57914812		1.47610915	0.166
956	30.5	14.5	34	0.13651523	4.99604763	0.16272107	2.41098874	0.533
957	25.5	18.8	34	0.14743555	2.76116774			1.851
958	20.3	19.3	34	0.65253609	3.88623984	0.07189082	6.67253515	2.456
959	19.5	18.8	34	0.07227133	4.24216682		7.36478308	2.813
960			34		3.02969798		1.24992589	2.996
961	17.8		34	0.27492393	4.21989787	0.05520231		2.847
962			32	0.47109591	5.21808205	0.28624272	1.72108027	2.833
963	31	20.8	34	0.47165878	6.42046635	0.17623048	2.14191335	0.749
964	24.5	15.3	34		9.81178629			2.988
965	22.3	15.3		0.22017042	7.85634114	0.2110399	2.07571329	3.232
966	24.5	14	35	0.44662338	9.79259867	0.4957588	6.28316885	3.544
967	22	16	34		3.62048097			3.225
968	18.3	14.5	34	0.13557029	9.17461814	0.20596462	11.97060512	2.311
969	16.6	15.3	34	0.73863394	4.09706819		2.22328082	0.908
970	18.3	16	34		2.1538272		1.26792339	0.717
971	21.3	16.2	34	0.20511208	5.66787229		8.75177184	0.43
972	21.3	16.2	34	0.20511208	5.66787229		8.75177184	0.43
973	19.7	15.4	35	1.41213507	8.60383916	0.21881931	1.64276403	1.021
974	15.8	15		0.645455514	8.220016333	0.188656596	3.358025986	1.842
975	18.4	16.5	34	0.084449949	4.182439674	0.102966376	3.360362375	1.776
976	19.3	16	34	0.516553675	5.138416332	0.116435804	0.92503873	2.504
977	17	16.5	34		2.47836526			2.902
978	16.8	16.3	35		4.55118337		0.80323694	2.907
979	24.5	16.1	34	0.12065417	5.68874843		0.9802817	2.61
980	21.8	16.8	34	0.10839159	5.75379553	0.2120795	2.4233697	2.512
981	23	15.8	35	0.103145444	3.432459875	0.081593557	0.369492772	2.636
982	24.5	15.4	34		388.553.437	0.1362162	1.380.458.067	2.506
983	19.5	15.6	34		368.516.943		0.39649923	1.56
984	16	16.1	34		192.760.767		0.64420558	1.417
985	23.5	16.1	34		308.472.192	0.06192189	0.2512548	1.629
986	23.4	15.8		0.64088392	314.520.666	0.08225597	0.20502392	0.859
987	20.5	16.6	34		491.676.702		398.961.658	0.7
988	24	13.6	34		929.448.892	0.35865647	479.394.157	0.767
989	16.5	15	37	0.45541467	747.316.924		340.940.811	0.687
990	12.8	14.8	35		560.788.915	0.22233358	194.980.151	1.902
991	13.3	14.2	34		335.568.200			2.096
992								
993	15	15	34	0.59246255	473.112.511	0.29340584	335.872.437	3.596
994	12	14.8	34	0.34422829	425.226.139	0.06827934	107.608.610	3.427
995	16	14.9	35	0.56071625	460.514.160		0.77871442	2.764
996	15	15	34	0.21646576	747.205.437	0.37307113	403.130.774	1.998
997	13.5	14.2	34	0.50139971	802.320.554	0.32011347	643.173.978	0.605
998								
999	11.7	13	34	0.27584549	1.026.670.677	0.46426078	400.626.666	1.505
1000	12.8	13.1	34	0.61959417	925.552.032	0.42029521	342.771.250	1.673
1001	10	11.8	35	113.919.458	1.403.286.008	0.67735015	653.670.004	2.665
1002	9	11.5	34		928.442.401	0.24797953	193.721.117	2.778
1003	13.7	12.2	34	0.31245337	669.121.430		149.546.708	2.946
1004	13.5	12	34	0.44648775	786.365.667		157.456.749	3.232
1005	9.5	11.3	34	0.34300256	697.263.111		140.486.230	3.022
1006	18.3	16	34		2.1538272		1.26792339	0.717
1007	21.3	16.2	34	0.20511208	5.66787229		8.75177184	0.43
1008	17	16.5	34		2.47836526			
1009	16.8	16.3	35		4.55118337		0.80323694	
1010	23	15.8	35	0.103145444	3.432459875	0.081593557	0.369492772	2.636
1011	23.4	15.8		0.64088392	314.520.666	0.08225597	0.20502392	0.859
1012	24	13.6	34		929.448.892	0.35865647	479.394.157	0.767
1013	12.8	14.8	35		560.788.915	0.22233358	194.980.151	1.902
1014	13.3	14.2	34		335.568.200			2.096
1015	15	15	34	0.59246255	473.112.511	0.29340584	335.872.437	3.596
1016	12	14.8	34	0.34422829	425.226.139	0.06827934	107.608.610	3.427
1017	16	14.9	35	0.56071625	460.514.160		0.77871442	2.764
1018	15	15	34	0.21646576	747.205.437	0.37307113	403.130.774	1.998
1019	15.7	15	34	0.26956796	568.920.077		0.62883643	2.221
1020								
1021	13	14.3	34	101.936.349	1.096.390.997	0.56482964	2.238.246.012	0.855
1022	13.5	14.2	34	0.50139971	802.320.554	0.32011347	643.173.978	0.605
1023	15	14	34	0.72139918	682.555.397	0.32735032	224.926.414	0.872
1024								
1025	11.7	13	34	0.27584549	1.026.670.677	0.46426078	400.626.666	1.505
1026	12.8	13.1	34	0.61959417	925.552.032	0.42029521	342.771.250	1.673
1027	10	11.8	35	113.919.458	1.403.286.008	0.67735015	653.670.004	2.665
1028	9	11.5	34		928.442.401	0.24797953	193.721.117	2.778
1029	13.7	12.2	34	0.31245337	669.121.430		149.546.708	2.946
1030	13.5	12	34	0.44648775	786.365.667		157.456.749	3.232
1031	9.5	11.3	34	0.34300256	697.263.111		140.486.230	3.022
1032	8.7	11.2	35	0.34792908	840.643.114	0.31871464	368.415.534	2.655
1033	24	17	34					0.83
1034	23.5	18.3		0.857251761	2.337330274	0.069182486	0.625133203	0.52
1035	26.5	13.5	34	0.45992612	2.53344865	0.09660993	0.57640175	0.609
1036	28.5	13.5	34	0.69743456	6.32002733	0.19483969	2.94348612	1.941
1037	23.5	11	34	0.75950658	5.57384693	0.20614744	1.79758424	2.479
1038	26.5	11	34	0.37917359	4.44770123	0.24337135	1.75748877	2.899
1039	26.5	12.8	34		4.10791588			3.13
1040	25.5	13.8		0.21565437	3.99431553	0.10142842	0.31993432	2.477
1041	21.5	19.8		0.663421426	2.891279198	0.106077048	0.346832485	1.36
1042	21.5	17.8	34	0.13728068	4.57914812		1.47610915	0.166
1043	30.5	14.5	34	0.13651523	4.99604763	0.16272107	2.41098874	0.533
1044	21.5	16.5	34	0.52505727	3.45161568		5.10852963	1.104
1045	25.5	18.8	34	0.14743555	2.76116774			1.851
1046	20.3	19.3	34	0.65253609	3.88623984	0.07189082	6.67253515	2.456
1047	19.5	18.8	34	0.07227133	4.24216682		7.36478308	2.813
1048			34		3.02969798		1.24992589	2.996
1049	17.8		34	0.27492393	4.21989787	0.05520231		2.847
1050	23	17.8	34	0.22274232	7.12065515	0.2551114	3.91188988	1.848
1051	21.3	17.8	34		8.44858475		1.24735746	1.601
1052	23	18	34		7.18331736	0.07581914	0.88218234	1.54
1053	28.3	20	34		8.70254607	0.08373814	2.35319588	0.92
1054	27.5	20		0.67201408	8.38006167		1.26698903	0.707
1055	31	20.8	34	0.47165878	6.42046635	0.17623048	2.14191335	0.749
1056	24.8	16.8	34	0.57099117	8.13923172	0.1207861	0.78493458	1.556
1057	24.5	15.3	34		9.81178629			2.988
1058	22.3	15.3		0.22017042	7.85634114	0.2110399	2.07571329	3.232
1059	22	16	34		3.62048097			3.225
1060	18.3	16	34		2.1538272		1.26792339	0.717
1061	21.3	16.2	34	0.20511208	5.66787229		8.75177184	0.43
1062	19.7	15.4	35	1.41213507	8.60383916	0.21881931	1.64276403	1.021
1063	15.8	15		0.645455514	8.220016333	0.188656596	3.358025986	1.842
1064	18.4	16.5	34	0.084449949	4.182439674	0.102966376	3.360362375	1.776
1065	21.8	16.8	34	0.10839159	5.75379553	0.2120795	2.4233697	2.512
1066	23	15.8	35	0.103145444	3.432459875	0.081593557	0.369492772	2.636
1067	24.5	15.4	34		388.553.437	0.1362162	1.380.458.067	2.506
1068	19.5	15.6	34		368.516.943		0.39649923	1.56
1069	16	16.1	34		192.760.767		0.64420558	1.417
1070	23.5	16.1	34		308.472.192	0.06192189	0.2512548	1.629
1071	23.4	15.8		0.64088392	314.520.666	0.08225597	0.20502392	0.859
1072	16.5	15	37	0.45541467	747.316.924		340.940.811	0.687
1073	12.8	14.8	35		560.788.915	0.22233358	194.980.151	1.902
1074	13.3	14.2	34		335.568.200			2.096
1075								
1076	15	15	34	0.59246255	473.112.511	0.29340584	335.872.437	3.596
1077	12	14.8	34	0.34422829	425.226.139	0.06827934	107.608.610	3.427
1078	16	14.9	35	0.56071625	460.514.160		0.77871442	2.764
1079	15	15	34	0.21646576	747.205.437	0.37307113	403.130.774	1.998
1080	15.7	15	34	0.26956796	568.920.077		0.62883643	2.221
1081								
1082	13	14.3	34	101.936.349	1.096.390.997	0.56482964	2.238.246.012	0.855
1083	13.5	14.2	34	0.50139971	802.320.554	0.32011347	643.173.978	0.605
1084	15	14	34	0.72139918	682.555.397	0.32735032	224.926.414	0.872
1085								
1086	11.7	13	34	0.27584549	1.026.670.677	0.46426078	400.626.666	1.505
1087	12.8	13.1	34	0.61959417	925.552.032	0.42029521	342.771.250	1.673
1088	10	11.8	35	113.919.458	1.403.286.008	0.67735015	653.670.004	2.665
1089	9	11.5	34		928.442.401	0.24797953	193.721.117	2.778
1090	13.7	12.2	34	0.31245337	669.121.430		149.546.708	2.946
1091	9.5	11.3	34	0.34300256	697.263.111		140.486.230	3.022
1092	8.7	11.2	35	0.34792908	840.643.114	0.31871464	368.415.534	2.655
1093	20.3	19.3	34	0.65253609	3.88623984	0.07189082	6.67253515	2.456
1094	19.5	18.8	34	0.07227133	4.24216682		7.36478308	2.813
1095	17.8		34	0.27492393	4.21989787	0.05520231		2.847
1096			32	0.47109591	5.21808205	0.28624272	1.72108027	2.833
1097	23	17.8	34	0.22274232	7.12065515	0.2551114	3.91188988	1.848
1098	21.3	17.8	34		8.44858475		1.24735746	1.601
1099	23	18	34		7.18331736	0.07581914	0.88218234	1.54
1100	28.9	18.6	34	0.3042622	9.6138788	0.16589333	5.33803892	1.34
1101	28.3	20	34		8.70254607	0.08373814	2.35319588	0.92
1102	31.8	20	34	0.40162698	8.29204861	0.15707403	1.63700583	0.816
1103	27.5	20		0.67201408	8.38006167		1.26698903	0.707
1104	31	20.8	34	0.47165878	6.42046635	0.17623048	2.14191335	0.749
1105	24.8	16.8	34	0.57099117	8.13923172	0.1207861	0.78493458	1.556
1106	22.8	16	34	1.3294906	9.55889026	0.22767358	2.85282762	2.279
1107	24.5	15.3	34		9.81178629			2.988
1108	22.3	15.3		0.22017042	7.85634114	0.2110399	2.07571329	3.232
1109	18.3	16	34		2.1538272		1.26792339	0.717
1110	21.3	16.2	34	0.20511208	5.66787229		8.75177184	0.43
1111	21.3	16.2	34	0.20511208	5.66787229		8.75177184	0.43
1112	19.7	15.4	35	1.41213507	8.60383916	0.21881931	1.64276403	1.021
1113	15.8	15		0.645455514	8.220016333	0.188656596	3.358025986	1.842
1114	18.4	16.5	34	0.084449949	4.182439674	0.102966376	3.360362375	1.776
1115	19.3	16	34	0.516553675	5.138416332	0.116435804	0.92503873	2.504
1116	17	16.5	34		2.47836526			2.902
1117	16.8	16.3	35		4.55118337		0.80323694	2.907
1118	24.5	16.1	34	0.12065417	5.68874843		0.9802817	2.61
1119	21.8	16.8	34	0.10839159	5.75379553	0.2120795	2.4233697	2.512
1120	23	15.8	35	0.103145444	3.432459875	0.081593557	0.369492772	2.636
1121	16	16.1	34		192.760.767		0.64420558	1.417
1122	23.4	15.8		0.64088392	314.520.666	0.08225597	0.20502392	0.859
1123	16.5	15	37	0.45541467	747.316.924		340.940.811	0.687
1124	12.8	14.8	35		560.788.915	0.22233358	194.980.151	1.902
1125	13.3	14.2	34		335.568.200			2.096
1126	12	14.8	34	0.34422829	425.226.139	0.06827934	107.608.610	3.427
1127	16	14.9	35	0.56071625	460.514.160		0.77871442	2.764
1128	15	15	34	0.21646576	747.205.437	0.37307113	403.130.774	1.998
1129								
1130	13	14.3	34	101.936.349	1.096.390.997	0.56482964	2.238.246.012	0.855
1131	13.5	14.2	34	0.50139971	802.320.554	0.32011347	643.173.978	0.605
1132	15	14	34	0.72139918	682.555.397	0.32735032	224.926.414	0.872
1133								
1134	11.7	13	34	0.27584549	1.026.670.677	0.46426078	400.626.666	1.505
1135	12.8	13.1	34	0.61959417	925.552.032	0.42029521	342.771.250	1.673
1136	10	11.8	35	113.919.458	1.403.286.008	0.67735015	653.670.004	2.665
1137	9	11.5	34		928.442.401	0.24797953	193.721.117	2.778
1138	13.7	12.2	34	0.31245337	669.121.430		149.546.708	2.946
1139	13.5	12	34	0.44648775	786.365.667		157.456.749	3.232
1140	9.5	11.3	34	0.34300256	697.263.111		140.486.230	3.022
1141	8.7	11.2	35	0.34792908	840.643.114	0.31871464	368.415.534	2.655
1142								2.605
1143	17	16.5	34		2.47836526			2.902
1144	16.8	16.3	35		4.55118337		0.80323694	2.907
1145	24.5	16.1	34	0.12065417	5.68874843		0.9802817	2.61
1146	21.8	16.8	34	0.10839159	5.75379553	0.2120795	2.4233697	2.512
1147	23	15.8	35	0.103145444	3.432459875	0.081593557	0.369492772	2.636
1148	24.5	15.4	34		388.553.437	0.1362162	1.380.458.067	2.506
1149	19.5	15.6	34		368.516.943		0.39649923	1.56
1150	16	16.1	34		192.760.767		0.64420558	1.417
1151	23.5	16.1	34		308.472.192	0.06192189	0.2512548	1.629
1152	23.4	15.8		0.64088392	314.520.666	0.08225597	0.20502392	0.859
1153	20.5	16.6	34		491.676.702		398.961.658	0.7
1154	24	13.6	34		929.448.892	0.35865647	479.394.157	0.767
1155	16.5	15	37	0.45541467	747.316.924		340.940.811	0.687
1156	12.8	14.8	35		560.788.915	0.22233358	194.980.151	1.902
1157	13.3	14.2	34		335.568.200			2.096
1158	15	15	34	0.59246255	473.112.511	0.29340584	335.872.437	3.596
1159	15	15	34	0.21646576	747.205.437	0.37307113	403.130.774	1.998
1160	15.7	15	34	0.26956796	568.920.077		0.62883643	2.221
1161								
1162	13.5	14.2	34	0.50139971	802.320.554	0.32011347	643.173.978	0.605
1163								
1164	11.7	13	34	0.27584549	1.026.670.677	0.46426078	400.626.666	1.505
1165	10	11.8	35	113.919.458	1.403.286.008	0.67735015	653.670.004	2.665
1166	9	11.5	34		928.442.401	0.24797953	193.721.117	2.778
1167	13.7	12.2	34	0.31245337	669.121.430		149.546.708	2.946
1168	 	11.3	34	0.34300256	697.263.111		140.486.230	3.022
1169	8.7	11.2	35	0.34792908	840.643.114	0.31871464	368.415.534	2.655