ID	X2R	X19R	X26R	X31R	X42R	X51R	X62R	X68R	X71R	X81R	X84R
414203	0	0	1228	0	0	0	0	0	0	0	0
335818	0	0	0	1	0	0	0	0	1	0	1122
148073	0	0	1024	0	0	0	0	0	0	0	0
236886	0	2	0	1	0	0	0	0	0	0	892
63545	0	0	0	0	0	0	0	422	0	0	0
255077	0	0	0	0	0	0	0	243	0	0	0
243648	0	0	0	0	0	0	0	225	0	0	0
150740	0	0	0	0	0	0	153	0	0	0	0
164116	0	0	0	0	0	0	2	135	0	0	0
135534	0	0	0	0	0	0	0	136	0	0	0
282174	0	0	0	0	0	108	12	0	0	0	0
294245	0	0	0	0	0	0	1	101	0	0	0
229549	0	0	80	14	0	0	0	0	0	0	0
449439	0	0	0	0	0	0	0	92	0	0	0
300761	0	0	0	0	0	0	1	91	0	0	0
278681	0	0	0	0	0	0	0	84	0	0	0
19725	0	0	0	0	80	0	0	0	0	0	0
77444	0	0	0	0	0	0	0	66	2	1	9
314682	0	0	0	0	6	0	0	52	0	0	0
424681	0	0	42	13	0	0	0	1	0	0	0
434330	0	0	0	0	0	0	0	42	2	0	7
107115	0	0	0	0	0	0	0	0	50	0	0
227796	0	0	0	0	0	50	0	0	0	0	0
141438	0	0	0	0	0	0	0	42	0	0	0
29047	0	0	0	0	41	0	0	0	0	0	0
12894	0	0	41	0	0	0	0	0	0	0	0
100554	0	0	36	0	0	0	0	0	0	0	0
373532	0	0	0	0	0	0	0	35	0	0	0
10909	0	0	0	0	1	0	0	32	0	0	0
171015	0	0	0	0	1	0	0	30	0	0	0
236596	0	0	0	0	0	0	0	30	0	0	0
386023	0	0	0	0	0	0	0	27	0	0	0
244148	0	0	0	0	0	0	0	27	0	0	0
205760	0	0	0	0	0	0	0	24	0	0	0
17091	0	0	0	0	0	0	0	4706	0	0	0
355877	0	0	1	0	0	0	0	4096	0	0	0
274241	0	0	0	0	0	0	0	3687	0	1	0
433731	0	0	0	0	81	0	0	3518	0	0	0
323830	0	0	0	0	0	0	0	3233	0	0	0
56025	0	0	0	0	0	0	0	3102	0	0	0
71495	0	0	0	0	1	0	0	2692	0	0	0
425917	0	0	0	0	0	0	0	2597	0	0	0
198165	0	0	0	0	1	0	0	2463	0	0	0
22247	0	0	0	0	0	1409	0	0	0	0	0
67672	0	3	0	3	0	0	0	0	0	0	1332
122687	0	2	0	1	0	0	0	0	0	0	1318
213792	0	0	0	1	0	0	0	0	0	0	1280
262208	0	0	0	0	0	1171	0	1	0	2	0
413370	0	0	0	0	0	1163	0	0	0	0	0
288579	0	0	1147	0	0	0	0	0	0	0	0
394981	3	0	0	0	0	0	0	167	0	853	0
178839	0	0	0	0	0	983	0	0	0	0	0
165699	0	0	0	1	0	0	0	0	0	0	953
255887	0	0	0	0	0	913	0	0	0	0	0
218577	0	0	743	0	0	0	0	0	0	0	0
112272	0	1	0	1	0	0	0	0	0	0	692
337488	0	0	686	0	0	0	0	0	0	0	0
292069	0	0	0	0	0	638	0	0	0	0	0
313602	0	0	610	0	0	1	26	0	0	0	0
87927	0	0	565	0	0	0	0	0	0	0	0
249436	0	0	0	0	0	0	0	536	0	0	0
30608	0	0	528	0	0	0	0	0	0	0	0
99127	0	0	516	0	0	0	0	0	0	0	0
280567	0	0	0	0	0	0	0	515	0	0	0
232952	0	0	420	0	0	0	72	0	0	0	0
232062	0	0	0	0	0	0	0	479	0	0	0
49090	0	0	0	0	0	0	466	0	0	0	0
95339	0	0	0	0	0	0	0	423	0	0	0
351138	0	0	0	0	0	0	0	395	0	0	0
61350	0	0	0	0	0	0	0	390	0	0	0
292919	0	0	0	0	0	0	0	388	0	0	0
450288	0	2	0	375	0	0	0	0	0	0	0
141828	0	0	0	0	0	0	0	363	0	0	0
74045	0	0	265	0	0	16	0	38	0	0	0
279363	2	0	280	0	0	0	0	0	0	0	1
341961	0	0	0	0	0	0	0	280	0	0	0
258910	0	1	0	0	276	0	0	0	0	0	0
9496	0	0	264	0	0	0	0	0	0	0	0
206301	0	0	39	0	0	0	223	1	0	0	0
266027	0	0	0	0	0	0	0	252	0	0	0
180356	0	0	0	0	0	0	0	251	0	0	0
363637	0	0	6	0	0	243	0	0	0	0	0
110155	0	0	0	244	0	0	0	0	0	0	0
5157	0	0	0	0	144	0	0	0	99	0	0
69764	0	0	0	0	242	0	0	0	0	0	0
208982	0	0	0	0	242	0	0	0	0	0	0
411082	0	0	0	0	0	230	0	0	0	0	0
343833	0	0	0	0	0	0	226	0	0	0	0
26561	0	0	0	0	0	0	0	0	0	0	224
226406	0	0	0	0	214	0	1	0	0	1	3
265635	0	0	0	0	0	0	0	0	0	211	0
90701	0	0	0	0	211	0	0	0	0	0	0
375527	0	0	0	0	0	208	0	0	0	0	0
366942	0	0	0	0	0	66	20	0	0	0	101
418170	0	0	0	0	0	179	0	0	0	0	0
48322	0	0	164	0	0	0	0	0	0	1	1
17366	0	0	157	0	0	0	0	6	0	0	0
5995	0	0	0	0	0	0	160	0	0	0	0
385350	0	0	0	0	0	0	0	10	0	149	0
46871	0	0	0	0	0	147	0	0	0	0	0
415065	0	0	0	0	0	0	0	144	0	0	0
343834	0	0	0	0	0	0	100	1	34	0	0
232731	0	0	0	0	0	0	0	0	0	0	130
108697	0	0	127	0	0	0	0	0	0	0	0
437364	0	0	0	0	0	0	0	126	0	0	0
271462	0	0	0	0	125	0	0	0	0	0	0
4767	0	0	0	0	0	121	0	0	0	0	0
140239	0	0	0	0	0	0	0	113	0	0	0
49252	0	0	0	0	0	111	0	0	0	0	0
336156	0	0	0	0	0	111	0	0	0	0	0
203471	0	0	0	0	0	0	111	0	0	0	0
130973	2	1	0	0	0	0	105	0	0	0	0
128558	0	0	0	0	0	0	102	0	3	0	0
293192	0	0	0	0	0	0	0	0	98	0	0
104900	0	0	0	32	39	0	19	0	0	0	1
402279	0	0	91	0	0	0	0	0	0	0	0
43794	0	0	0	0	0	0	0	88	0	0	0
93701	0	0	0	0	1	0	0	0	86	1	0
452064	0	0	0	0	0	0	0	0	85	0	0
53215	0	0	0	0	0	0	0	84	0	0	0
300689	0	0	0	0	0	0	0	83	0	0	0
282103	0	0	0	0	0	0	0	79	0	0	0
416633	0	0	0	0	0	0	0	79	0	0	0
74344	0	0	0	76	0	0	0	0	0	0	0
176959	0	0	2	21	21	0	32	0	0	0	0
66197	0	0	0	0	0	0	0	0	75	0	0
143484	0	0	0	74	0	0	0	0	0	0	0
2158	0	0	1	0	0	0	0	71	0	0	0
379193	0	0	72	0	0	0	0	0	0	0	0
86283	0	0	0	0	0	0	0	67	0	0	0
226627	0	0	1	0	1	3	0	60	0	1	0
212400	1	0	0	64	0	0	0	0	0	0	0
217247	0	0	0	0	0	0	0	0	64	1	0
1966	0	0	0	0	0	0	0	63	0	0	1
168022	0	0	0	0	0	0	0	63	0	0	0
193314	0	0	61	0	0	0	0	0	0	0	0
215076	0	0	0	0	0	0	0	0	0	0	61
187352	0	0	0	0	0	61	0	0	0	0	0
224960	0	0	0	0	0	0	0	0	60	0	0
409873	1	0	0	0	0	0	0	0	58	0	0
318015	0	0	0	0	0	0	0	59	0	0	0
943	0	0	0	0	57	0	0	1	0	0	0
224873	0	0	0	0	49	6	1	0	0	0	0
225714	0	0	0	0	0	43	0	10	0	0	0
146169	0	0	0	0	0	0	5	0	0	0	48
21189	0	0	0	0	0	0	53	0	0	0	0
417086	0	0	0	0	0	53	0	0	0	0	0
27366	0	0	0	0	0	0	0	52	0	0	0
358705	0	0	0	0	52	0	0	0	0	0	0
387730	0	0	0	0	0	0	0	51	0	0	0
254177	0	0	0	0	0	0	0	50	0	0	0
422178	0	0	0	0	0	0	0	50	0	0	0
240420	0	0	0	0	0	0	0	0	0	49	0
301241	0	0	0	0	0	0	0	49	0	0	0
298665	0	0	0	34	12	0	0	0	2	0	0
3703	0	0	0	0	0	0	0	0	48	0	0
307271	0	0	0	0	0	0	46	0	0	0	0
111843	0	0	0	42	0	0	0	0	0	0	0
248263	0	0	0	0	0	0	0	0	42	0	0
258547	0	0	0	0	42	0	0	0	0	0	0
412203	0	0	0	0	0	0	0	42	0	0	0
208064	0	0	0	0	0	0	0	1	39	0	0
101010	0	0	0	0	40	0	0	0	0	0	0
102580	0	0	0	0	0	0	0	38	0	0	0
244072	0	0	37	0	1	0	0	0	0	0	0
172381	0	0	0	0	0	0	0	0	0	0	38
165266	0	0	2	0	0	3	0	16	0	16	0
165528	0	0	0	0	0	37	0	0	0	0	0
343051	0	0	0	0	0	0	0	0	0	0	35
77891	0	0	0	0	0	0	0	35	0	0	0
236356	0	0	0	0	0	0	0	35	0	0	0
98096	0	0	0	0	0	0	0	33	0	0	0
161803	0	0	0	0	0	0	0	33	0	0	0
249826	0	0	0	0	0	0	0	33	0	0	0
386867	0	0	0	32	0	0	0	0	0	0	0
395528	0	0	0	0	0	0	0	32	0	0	0
223416	0	0	1	0	0	0	0	0	30	0	0
344081	0	0	0	0	0	0	0	31	0	0	0
76092	0	0	0	0	0	1	0	15	0	14	0
204414	0	0	0	0	0	0	0	0	0	0	30
208096	0	0	0	14	9	0	7	0	0	0	0
235747	0	0	0	0	0	0	0	30	0	0	0
79802	0	0	0	0	0	0	0	0	0	0	29
27198	0	0	0	0	0	0	0	29	0	0	0
281748	0	0	0	0	0	0	0	29	0	0	0
434352	0	0	0	0	0	0	0	28	1	0	0
118665	0	0	0	0	0	0	0	0	28	0	0
61123	0	0	0	27	0	0	0	0	0	0	0
53246	0	0	0	0	0	0	0	27	0	0	0
364427	0	0	25	0	0	0	0	0	0	0	0
257592	0	0	24	0	0	0	0	0	0	0	0
287027	0	0	0	0	0	0	0	24	0	0	0
69966	0	0	0	0	0	18	1	0	0	5	0
134274	0	0	0	0	0	0	0	1	0	23	0
436370	0	0	0	0	0	0	0	0	0	0	24
328605	0	0	0	0	0	0	0	24	0	0	0
244115	0	0	0	0	0	0	0	24	0	0	0
47187	3	0	0	0	0	0	0	0	1	2141	0
437913	0	0	0	0	0	1192	0	0	0	0	0
62240	0	0	0	0	0	0	331	0	0	0	0
294470	0	0	0	0	0	0	0	242	0	0	0
77397	0	0	0	152	0	0	0	0	0	0	0
20646	0	0	0	0	26	0	13	69	0	0	0
362766	0	0	0	0	75	0	0	1	0	0	0
444337	0	0	0	0	0	0	0	0	0	64	0
219231	0	0	0	0	13	0	0	49	0	0	0
424944	0	0	0	0	0	0	0	0	0	51	0
279634	0	0	0	0	0	0	0	50	0	0	0
368007	0	0	0	0	0	0	0	0	0	31	0
11895	0	0	0	0	0	30	0	0	0	0	0
300167	0	26	0	0	0	0	0	0	0	0	0
313826	0	0	0	0	0	0	0	0	0	24	0
84069	0	0	0	0	0	2581	0	0	0	0	0
244632	0	0	0	0	0	0	0	0	0	1493	0
239552	0	0	0	0	0	0	588	0	0	0	0
36047	0	0	0	0	0	0	0	0	0	275	0
132443	0	0	0	0	0	254	0	0	0	0	0
240499	0	0	0	151	0	0	0	0	0	0	0
412091	0	0	0	0	0	0	0	81	0	0	0
269103	29	0	0	0	0	0	0	0	0	0	0
193915	0	0	0	28	0	0	0	0	0	0	0